0 -1 0
0.09 -0.997188 0
0.179496 -0.988787 0
0.267995 -0.974905 0
0.355034 -0.955717 0
0.440187 -0.931458 0
0.523071 -0.902408 0
0.603361 -0.868888 0
0.68078 -0.831241 0
0.755109 -0.789829 0
0.82618 -0.745016 0
0.893875 -0.697164 0
0.958116 -0.646624 0
1.01887 -0.593734 0
1.07612 -0.538812 0
1.12991 -0.482155 0
1.18026 -0.42404 0
1.22726 -0.364719 0
1.27096 -0.304425 0
1.31146 -0.243366 0
1.34886 -0.181734 0
1.38325 -0.119698 0
1.41473 -0.0574135 0
1.44341 0.00498298 0
1.46939 0.0673684 0
1.49278 0.129633 0
1.51367 0.19168 0
1.53217 0.253422 0
1.54837 0.314783 0
1.56236 0.375694 0
1.57423 0.436094 0
1.58408 0.495932 0
1.59197 0.555159 0
1.598 0.613734 0
1.60224 0.671621 0
1.60476 0.728786 0
1.60564 0.785203 0
1.60493 0.840847 0
1.60271 0.895695 0
1.59903 0.949728 0
1.59395 1.00293 0
1.58753 1.05529 0
1.57982 1.10679 0
1.57088 1.15743 0
1.56075 1.20719 0
1.54947 1.25606 0
1.5371 1.30404 0
1.52367 1.35113 0
1.50923 1.39732 0
1.49381 1.44261 0
1.47745 1.48699 0
1.46019 1.53046 0
1.44207 1.57302 0
1.42311 1.61467 0
1.40335 1.65541 0
1.38281 1.69524 0
1.36154 1.73416 0
1.33955 1.77217 0
1.31687 1.80928 0
1.29353 1.84547 0
1.26955 1.88075 0
1.24497 1.91514 0
1.2198 1.94861 0
1.19406 1.98119 0
1.16778 2.01286 0
1.14098 2.04364 0
1.11368 2.07352 0
1.0859 2.10251 0
1.05766 2.1306 0
1.02897 2.1578 0
0.999867 2.18412 0
0.970354 2.20955 0
0.940453 2.23409 0
0.910181 2.25775 0
0.879554 2.28054 0
0.848588 2.30244 0
0.817299 2.32347 0
0.785703 2.34362 0
0.753814 2.3629 0
0.721648 2.38131 0
0.689218 2.39885 0
0.656538 2.41553 0
0.623624 2.43133 0
0.590487 2.44627 0
0.557142 2.46035 0
0.523602 2.47357 0
0.48988 2.48593 0
0.455989 2.49742 0
0.421941 2.50806 0
0.387748 2.51784 0
0.353424 2.52677 0
0.31898 2.53483 0
0.284429 2.54205 0
0.249782 2.54841 0
0.215051 2.55391 0
0.180248 2.55857 0
0.145386 2.56237 0
0.110475 2.56532 0
0.0755271 2.56741 0
0.0405543 2.56865 0
0.00556813 2.56905 0
-0.0294199 2.56858 0
-0.0643982 2.56727 0
-0.0993551 2.56511 0
-0.134279 2.56209 0
-0.169158 2.55822 0
-0.203981 2.55349 0
-0.238735 2.54791 0
-0.27341 2.54148 0
-0.307992 2.53419 0
-0.34247 2.52604 0
-0.376832 2.51704 0
-0.411066 2.50717 0
-0.445158 2.49645 0
-0.479097 2.48487 0
-0.51287 2.47242 0
-0.546463 2.45911 0
-0.579865 2.44493 0
-0.61306 2.42989 0
-0.646037 2.41398 0
-0.678781 2.3972 0
-0.711278 2.37955 0
-0.743514 2.36103 0
-0.775475 2.34162 0
-0.807145 2.32135 0
-0.838509 2.30019 0
-0.869552 2.27815 0
-0.900258 2.25523 0
-0.93061 2.23142 0
-0.960591 2.20672 0
-0.990186 2.18114 0
-1.01937 2.15466 0
-1.04814 2.12728 0
-1.07647 2.09901 0
-1.10433 2.06984 0
-1.13171 2.03977 0
-1.15859 2.00879 0
-1.18495 1.97691 0
-1.21076 1.94412 0
-1.23601 1.91042 0
-1.26067 1.87581 0
-1.28471 1.84029 0
-1.30812 1.80385 0
-1.33086 1.76649 0
-1.3529 1.72821 0
-1.37423 1.68902 0
-1.39481 1.6489 0
-1.41461 1.60787 0
-1.43361 1.56591 0
-1.45176 1.52303 0
-1.46903 1.47924 0
-1.48539 1.43452 0
-1.5008 1.38889 0
-1.51523 1.34235 0
-1.52863 1.29489 0
-1.54096 1.24653 0
-1.55218 1.19727 0
-1.56224 1.14712 0
-1.57109 1.09607 0
-1.57869 1.04416 0
-1.58497 0.991373 0
-1.5899 0.937736 0
-1.5934 0.88326 0
-1.59542 0.827962 0
-1.5959 0.771862 0
-1.59476 0.714983 0
-1.59195 0.65735 0
-1.58739 0.598993 0
-1.58099 0.539947 0
-1.5727 0.480248 0
-1.56241 0.419941 0
-1.55005 0.359076 0
-1.53553 0.297709 0
-1.51875 0.235904 0
-1.49962 0.173732 0
-1.47803 0.111274 0
-1.4539 0.0486239 0
-1.42711 -0.014117 0
-1.39757 -0.0768323 0
-1.36515 -0.139392 0
-1.32977 -0.20165 0
-1.29131 -0.263445 0
-1.24969 -0.324595 0
-1.2048 -0.3849 0
-1.15656 -0.444138 0
-1.10489 -0.502067 0
-1.04976 -0.558419 0
-0.991108 -0.612908 0
-0.928936 -0.665222 0
-0.86326 -0.715032 0
-0.794134 -0.761992 0
-0.721656 -0.805741 0
-0.645968 -0.845913 0
-0.567263 -0.882143 0
-0.485789 -0.914075 0
-0.401848 -0.941374 0
-0.315795 -0.963737 0
-0.228036 -0.980904 0
-0.139018 -0.99267 0
-0.0492213 -0.99889 0
0.0408534 -0.999493 0
