1 0 0
0.999956 0.01125 0
0.999824 0.022499 0
0.999605 0.033746 0
0.999297 0.0449901 0
0.998902 0.0562302 0
0.998419 0.0674654 0
0.997849 0.0786947 0
0.997191 0.0899171 0
0.996446 0.101132 0
0.995613 0.112337 0
0.994694 0.123533 0
0.993688 0.134718 0
0.992595 0.145891 0
0.991416 0.157052 0
0.990151 0.168199 0
0.9888 0.179331 0
0.987363 0.190448 0
0.985841 0.201549 0
0.984233 0.212632 0
0.982542 0.223696 0
0.980765 0.234742 0
0.978905 0.245767 0
0.976961 0.256772 0
0.974934 0.267754 0
0.972824 0.278714 0
0.970631 0.28965 0
0.968356 0.300561 0
0.966 0.311448 0
0.963562 0.322308 0
0.961044 0.333141 0
0.958445 0.343946 0
0.955767 0.354723 0
0.953009 0.36547 0
0.950173 0.376187 0
0.947258 0.386873 0
0.944266 0.397527 0
0.941196 0.408149 0
0.93805 0.418737 0
0.934828 0.429292 0
0.931531 0.439812 0
0.928158 0.450296 0
0.924711 0.460745 0
0.921191 0.471157 0
0.917597 0.481531 0
0.913931 0.491868 0
0.910193 0.502165 0
0.906384 0.512424 0
0.902504 0.522642 0
0.898555 0.53282 0
0.894536 0.542957 0
0.890449 0.553053 0
0.886293 0.563106 0
0.88207 0.573116 0
0.877781 0.583083 0
0.873426 0.593007 0
0.869006 0.602886 0
0.864521 0.61272 0
0.859972 0.622509 0
0.85536 0.632252 0
0.850685 0.641949 0
0.845949 0.6516 0
0.841152 0.661203 0
0.836294 0.67076 0
0.831377 0.680268 0
0.826401 0.689728 0
0.821366 0.699139 0
0.816274 0.708501 0
0.811125 0.717814 0
0.805921 0.727078 0
0.80066 0.736291 0
0.795345 0.745455 0
0.789977 0.754567 0
0.784554 0.763629 0
0.77908 0.77264 0
0.773553 0.781599 0
0.767976 0.790506 0
0.762348 0.799362 0
0.75667 0.808166 0
0.750943 0.816917 0
0.745168 0.825615 0
0.739345 0.834261 0
0.733476 0.842854 0
0.72756 0.851394 0
0.721599 0.859881 0
0.715593 0.868314 0
0.709542 0.876694 0
0.703449 0.88502 0
0.697312 0.893292 0
0.691134 0.90151 0
0.684913 0.909674 0
0.678653 0.917784 0
0.672352 0.92584 0
0.666011 0.933841 0
0.659632 0.941788 0
0.653215 0.949681 0
0.64676 0.957519 0
0.640269 0.965302 0
0.633741 0.973031 0
0.627177 0.980706 0
0.620579 0.988325 0
0.613946 0.99589 0
0.60728 1.0034 0
0.600581 1.01086 0
0.593849 1.01826 0
0.587085 1.0256 0
0.58029 1.0329 0
0.573464 1.04013 0
0.566609 1.04732 0
0.559724 1.05444 0
0.552809 1.06152 0
0.545867 1.06854 0
0.538897 1.0755 0
0.531899 1.08241 0
0.524875 1.08927 0
0.517825 1.09607 0
0.510749 1.10282 0
0.503649 1.10951 0
0.496523 1.11615 0
0.489374 1.12274 0
0.482202 1.12927 0
0.475006 1.13575 0
0.467788 1.14218 0
0.460549 1.14855 0
0.453288 1.15487 0
0.446006 1.16114 0
0.438704 1.16735 0
0.431382 1.17351 0
0.42404 1.17962 0
0.41668 1.18567 0
0.409301 1.19167 0
0.401904 1.19762 0
0.394489 1.20352 0
0.387058 1.20937 0
0.37961 1.21516 0
0.372146 1.2209 0
0.364666 1.22659 0
0.35717 1.23223 0
0.34966 1.23782 0
0.342136 1.24335 0
0.334597 1.24884 0
0.327045 1.25427 0
0.31948 1.25966 0
0.311902 1.26499 0
0.304311 1.27027 0
0.296708 1.27551 0
0.289094 1.28069 0
0.281469 1.28582 0
0.273833 1.29091 0
0.266186 1.29594 0
0.258529 1.30093 0
0.250863 1.30587 0
0.243187 1.31075 0
0.235502 1.31559 0
0.227808 1.32038 0
0.220106 1.32512 0
0.212396 1.32982 0
0.204679 1.33447 0
0.196954 1.33906 0
0.189222 1.34362 0
0.181483 1.34812 0
0.173739 1.35258 0
0.165988 1.35699 0
0.158231 1.36135 0
0.150469 1.36567 0
0.142702 1.36994 0
0.13493 1.37416 0
0.127154 1.37834 0
0.119373 1.38248 0
0.111589 1.38656 0
0.103801 1.39061 0
0.0960091 1.3946 0
0.0882145 1.39855 0
0.0804171 1.40246 0
0.0726171 1.40633 0
0.0648149 1.41015 0
0.0570106 1.41392 0
0.0492045 1.41765 0
0.041397 1.42134 0
0.0335882 1.42498 0
0.0257783 1.42858 0
0.0179677 1.43214 0
0.0101565 1.43566 0
0.00234509 1.43913 0
-0.00546644 1.44256 0
-0.0132778 1.44595 0
-0.0210888 1.44929 0
-0.0288992 1.4526 0
-0.0367087 1.45586 0
-0.0445172 1.45908 0
-0.0523244 1.46226 0
-0.0601302 1.4654 0
-0.0679343 1.46849 0
-0.0757365 1.47155 0
-0.0835367 1.47457 0
-0.0913345 1.47754 0
-0.0991299 1.48048 0
-0.106923 1.48338 0
-0.114712 1.48623 0
-0.122499 1.48905 0
-0.130283 1.49183 0
-0.138063 1.49457 0
-0.14584 1.49727 0
-0.153612 1.49993 0
-0.161381 1.50255 0
-0.169146 1.50514 0
-0.176907 1.50769 0
-0.184663 1.5102 0
-0.192414 1.51267 0
-0.200161 1.5151 0
-0.207903 1.5175 0
-0.215639 1.51986 0
-0.223371 1.52218 0
-0.231097 1.52447 0
-0.238817 1.52671 0
-0.246532 1.52893 0
-0.254241 1.5311 0
-0.261944 1.53325 0
-0.269641 1.53535 0
-0.277331 1.53742 0
-0.285016 1.53945 0
-0.292693 1.54145 0
-0.300364 1.54342 0
-0.308029 1.54534 0
-0.315686 1.54724 0
-0.323336 1.5491 0
-0.330979 1.55092 0
-0.338615 1.55271 0
-0.346244 1.55447 0
-0.353864 1.55619 0
-0.361478 1.55788 0
-0.369083 1.55954 0
-0.376681 1.56116 0
-0.38427 1.56275 0
-0.391852 1.56431 0
-0.399425 1.56583 0
-0.40699 1.56732 0
-0.414546 1.56878 0
-0.422094 1.57021 0
-0.429634 1.5716 0
-0.437164 1.57297 0
-0.444686 1.5743 0
-0.452199 1.57559 0
-0.459703 1.57686 0
-0.467198 1.5781 0
-0.474683 1.5793 0
-0.48216 1.58048 0
-0.489626 1.58162 0
-0.497084 1.58273 0
-0.504532 1.58382 0
-0.51197 1.58487 0
-0.519398 1.58589 0
-0.526817 1.58688 0
-0.534225 1.58785 0
-0.541624 1.58878 0
-0.549013 1.58968 0
-0.556391 1.59055 0
-0.563759 1.5914 0
-0.571117 1.59221 0
-0.578465 1.593 0
-0.585802 1.59376 0
-0.593129 1.59449 0
-0.600445 1.59519 0
-0.60775 1.59586 0
-0.615045 1.5965 0
-0.622329 1.59712 0
-0.629602 1.59771 0
-0.636864 1.59827 0
-0.644115 1.5988 0
-0.651355 1.59931 0
-0.658584 1.59979 0
-0.665802 1.60024 0
-0.673008 1.60066 0
-0.680203 1.60106 0
-0.687387 1.60143 0
-0.69456 1.60177 0
-0.701721 1.60209 0
-0.70887 1.60238 0
-0.716008 1.60265 0
-0.723134 1.60289 0
-0.730249 1.6031 0
-0.737352 1.60329 0
-0.744443 1.60345 0
-0.751522 1.60358 0
-0.758589 1.60369 0
-0.765644 1.60378 0
-0.772688 1.60384 0
-0.779719 1.60387 0
-0.786738 1.60389 0
-0.793745 1.60387 0
-0.80074 1.60383 0
-0.807723 1.60377 0
-0.814694 1.60368 0
-0.821652 1.60357 0
-0.828597 1.60343 0
-0.835531 1.60327 0
-0.842452 1.60309 0
-0.84936 1.60288 0
-0.856257 1.60265 0
-0.86314 1.6024 0
-0.870011 1.60212 0
-0.876869 1.60182 0
-0.883715 1.60149 0
-0.890548 1.60115 0
-0.897368 1.60078 0
-0.904176 1.60038 0
-0.91097 1.59997 0
-0.917752 1.59953 0
-0.924521 1.59907 0
-0.931277 1.59859 0
-0.93802 1.59808 0
-0.94475 1.59755 0
-0.951468 1.59701 0
-0.958172 1.59643 0
-0.964863 1.59584 0
-0.971541 1.59523 0
-0.978206 1.59459 0
-0.984858 1.59393 0
-0.991497 1.59326 0
-0.998122 1.59256 0
-1.00473 1.59184 0
-1.01133 1.59109 0
-1.01792 1.59033 0
-1.02449 1.58955 0
-1.03105 1.58874 0
-1.0376 1.58792 0
-1.04413 1.58708 0
-1.05065 1.58621 0
-1.05715 1.58532 0
-1.06365 1.58442 0
-1.07013 1.58349 0
-1.07659 1.58255 0
-1.08304 1.58158 0
-1.08948 1.5806 0
-1.09591 1.57959 0
-1.10232 1.57857 0
-1.10871 1.57752 0
-1.1151 1.57646 0
-1.12147 1.57538 0
-1.12783 1.57428 0
-1.13417 1.57316 0
-1.1405 1.57202 0
-1.14681 1.57086 0
-1.15312 1.56968 0
-1.15941 1.56849 0
-1.16568 1.56727 0
-1.17194 1.56604 0
-1.17819 1.56479 0
-1.18442 1.56352 0
-1.19064 1.56223 0
-1.19685 1.56092 0
-1.20304 1.5596 0
-1.20922 1.55826 0
-1.21538 1.5569 0
-1.22153 1.55552 0
-1.22767 1.55413 0
-1.23379 1.55271 0
-1.2399 1.55128 0
-1.246 1.54984 0
-1.25208 1.54837 0
-1.25814 1.54689 0
-1.2642 1.54539 0
-1.27024 1.54387 0
-1.27626 1.54234 0
-1.28227 1.54079 0
-1.28827 1.53922 0
-1.29425 1.53764 0
-1.30022 1.53604 0
-1.30618 1.53442 0
-1.31212 1.53279 0
-1.31804 1.53114 0
-1.32396 1.52947 0
-1.32986 1.52779 0
-1.33574 1.52609 0
-1.34161 1.52438 0
-1.34747 1.52264 0
-1.35331 1.5209 0
-1.35914 1.51914 0
-1.36495 1.51736 0
-1.37076 1.51556 0
-1.37654 1.51375 0
-1.38231 1.51193 0
-1.38807 1.51009 0
-1.39382 1.50823 0
-1.39955 1.50636 0
-1.40526 1.50448 0
-1.41096 1.50257 0
-1.41665 1.50066 0
-1.42232 1.49873 0
-1.42798 1.49678 0
-1.43363 1.49482 0
-1.43926 1.49284 0
-1.44487 1.49085 0
-1.45048 1.48885 0
-1.45606 1.48683 0
-1.46164 1.48479 0
-1.4672 1.48274 0
-1.47274 1.48068 0
-1.47827 1.4786 0
-1.48379 1.47651 0
-1.48929 1.4744 0
-1.49478 1.47228 0
-1.50026 1.47015 0
-1.50572 1.468 0
-1.51116 1.46584 0
-1.51659 1.46366 0
-1.52201 1.46147 0
-1.52741 1.45927 0
-1.5328 1.45705 0
-1.53818 1.45482 0
-1.54354 1.45258 0
-1.54888 1.45032 0
-1.55422 1.44805 0
-1.55953 1.44577 0
-1.56484 1.44347 0
-1.57013 1.44116 0
-1.5754 1.43884 0
-1.58066 1.4365 0
-1.58591 1.43415 0
-1.59114 1.43179 0
-1.59636 1.42941 0
-1.60156 1.42703 0
-1.60675 1.42463 0
-1.61193 1.42221 0
-1.61709 1.41979 0
-1.62223 1.41735 0
-1.62737 1.4149 0
-1.63248 1.41244 0
-1.63759 1.40996 0
-1.64268 1.40747 0
-1.64775 1.40497 0
-1.65281 1.40246 0
-1.65786 1.39994 0
-1.66289 1.3974 0
-1.66791 1.39485 0
-1.67292 1.39229 0
-1.67791 1.38972 0
-1.68288 1.38714 0
-1.68784 1.38454 0
-1.69279 1.38193 0
-1.69772 1.37932 0
-1.70264 1.37669 0
-1.70754 1.37404 0
-1.71243 1.37139 0
-1.71731 1.36873 0
-1.72217 1.36605 0
-1.72702 1.36336 0
-1.73185 1.36066 0
-1.73667 1.35795 0
-1.74148 1.35523 0
-1.74627 1.3525 0
-1.75104 1.34976 0
-1.7558 1.347 0
-1.76055 1.34424 0
-1.76528 1.34146 0
-1.77 1.33868 0
-1.77471 1.33588 0
-1.7794 1.33307 0
-1.78407 1.33025 0
-1.78874 1.32742 0
-1.79338 1.32458 0
-1.79802 1.32173 0
-1.80264 1.31887 0
-1.80724 1.316 0
-1.81183 1.31312 0
-1.81641 1.31022 0
-1.82097 1.30732 0
-1.82552 1.30441 0
-1.83006 1.30149 0
-1.83458 1.29855 0
-1.83908 1.29561 0
-1.84357 1.29266 0
-1.84805 1.2897 0
-1.85251 1.28672 0
-1.85696 1.28374 0
-1.8614 1.28075 0
-1.86582 1.27775 0
-1.87022 1.27473 0
-1.87462 1.27171 0
-1.879 1.26868 0
-1.88336 1.26564 0
-1.88771 1.26259 0
-1.89204 1.25953 0
-1.89637 1.25646 0
-1.90067 1.25338 0
-1.90497 1.2503 0
-1.90925 1.2472 0
-1.91351 1.24409 0
-1.91776 1.24098 0
-1.922 1.23785 0
-1.92622 1.23472 0
-1.93043 1.23158 0
-1.93462 1.22842 0
-1.9388 1.22526 0
-1.94297 1.22209 0
-1.94712 1.21892 0
-1.95126 1.21573 0
-1.95538 1.21253 0
-1.95949 1.20933 0
-1.96359 1.20611 0
-1.96767 1.20289 0
-1.97173 1.19966 0
-1.97579 1.19642 0
-1.97983 1.19317 0
-1.98385 1.18992 0
-1.98786 1.18665 0
-1.99186 1.18338 0
-1.99584 1.1801 0
-1.99981 1.17681 0
-2.00376 1.17351 0
-2.00771 1.1702 0
-2.01163 1.16689 0
-2.01554 1.16356 0
-2.01944 1.16023 0
-2.02333 1.15689 0
-2.0272 1.15355 0
-2.03105 1.15019 0
-2.03489 1.14683 0
-2.03872 1.14346 0
-2.04254 1.14008 0
-2.04634 1.13669 0
-2.05012 1.1333 0
-2.0539 1.12989 0
-2.05765 1.12648 0
-2.0614 1.12307 0
-2.06513 1.11964 0
-2.06884 1.11621 0
-2.07254 1.11277 0
-2.07623 1.10932 0
-2.07991 1.10586 0
-2.08357 1.1024 0
-2.08721 1.09893 0
-2.09084 1.09545 0
-2.09446 1.09197 0
-2.09807 1.08848 0
-2.10166 1.08498 0
-2.10523 1.08147 0
-2.1088 1.07796 0
-2.11234 1.07444 0
-2.11588 1.07091 0
-2.1194 1.06737 0
-2.12291 1.06383 0
-2.1264 1.06028 0
-2.12988 1.05673 0
-2.13334 1.05316 0
-2.13679 1.04959 0
-2.14023 1.04602 0
-2.14365 1.04243 0
-2.14706 1.03884 0
-2.15046 1.03525 0
-2.15384 1.03164 0
-2.1572 1.02803 0
-2.16056 1.02442 0
-2.1639 1.02079 0
-2.16722 1.01716 0
-2.17053 1.01353 0
-2.17383 1.00988 0
-2.17712 1.00623 0
-2.18039 1.00258 0
-2.18364 0.998915 0
-2.18689 0.995247 0
-2.19011 0.991572 0
-2.19333 0.987891 0
-2.19653 0.984203 0
-2.19972 0.98051 0
-2.20289 0.97681 0
-2.20605 0.973104 0
-2.20919 0.969392 0
-2.21233 0.965674 0
-2.21544 0.96195 0
-2.21855 0.95822 0
-2.22164 0.954484 0
-2.22471 0.950742 0
-2.22778 0.946994 0
-2.23083 0.94324 0
-2.23386 0.93948 0
-2.23688 0.935715 0
-2.23989 0.931944 0
-2.24288 0.928167 0
-2.24586 0.924384 0
-2.24883 0.920596 0
-2.25178 0.916802 0
-2.25472 0.913002 0
-2.25764 0.909197 0
-2.26056 0.905387 0
-2.26345 0.901571 0
-2.26634 0.897749 0
-2.26921 0.893922 0
-2.27206 0.890089 0
-2.2749 0.886251 0
-2.27773 0.882408 0
-2.28055 0.87856 0
-2.28335 0.874706 0
-2.28614 0.870847 0
-2.28891 0.866982 0
-2.29167 0.863113 0
-2.29442 0.859238 0
-2.29715 0.855358 0
-2.29987 0.851473 0
-2.30257 0.847583 0
-2.30526 0.843688 0
-2.30794 0.839788 0
-2.31061 0.835883 0
-2.31326 0.831973 0
-2.31589 0.828058 0
-2.31852 0.824139 0
-2.32112 0.820214 0
-2.32372 0.816284 0
-2.3263 0.81235 0
-2.32887 0.808411 0
-2.33142 0.804467 0
-2.33397 0.800519 0
-2.33649 0.796565 0
-2.33901 0.792608 0
-2.34151 0.788645 0
-2.34399 0.784678 0
-2.34647 0.780706 0
-2.34892 0.77673 0
-2.35137 0.77275 0
-2.3538 0.768764 0
-2.35622 0.764775 0
-2.35862 0.760781 0
-2.36102 0.756782 0
-2.36339 0.752779 0
-2.36576 0.748772 0
-2.36811 0.744761 0
-2.37044 0.740745 0
-2.37277 0.736725 0
-2.37508 0.732701 0
-2.37737 0.728673 0
-2.37965 0.72464 0
-2.38192 0.720603 0
-2.38418 0.716563 0
-2.38642 0.712518 0
-2.38865 0.708469 0
-2.39086 0.704416 0
-2.39306 0.700359 0
-2.39525 0.696298 0
-2.39742 0.692233 0
-2.39958 0.688164 0
-2.40173 0.684092 0
-2.40386 0.680015 0
-2.40598 0.675935 0
-2.40809 0.671851 0
-2.41018 0.667763 0
-2.41226 0.663671 0
-2.41432 0.659576 0
-2.41637 0.655476 0
-2.41841 0.651374 0
-2.42044 0.647267 0
-2.42245 0.643157 0
-2.42444 0.639044 0
-2.42643 0.634926 0
-2.4284 0.630806 0
-2.43036 0.626681 0
-2.4323 0.622554 0
-2.43423 0.618422 0
-2.43615 0.614288 0
-2.43805 0.61015 0
-2.43994 0.606008 0
-2.44181 0.601864 0
-2.44368 0.597716 0
-2.44552 0.593564 0
-2.44736 0.58941 0
-2.44918 0.585252 0
-2.45099 0.581091 0
-2.45279 0.576926 0
-2.45457 0.572759 0
-2.45634 0.568588 0
-2.45809 0.564414 0
-2.45983 0.560238 0
-2.46156 0.556058 0
-2.46327 0.551875 0
-2.46497 0.547689 0
-2.46666 0.5435 0
-2.46834 0.539308 0
-2.47 0.535113 0
-2.47164 0.530915 0
-2.47328 0.526715 0
-2.4749 0.522511 0
-2.4765 0.518305 0
-2.4781 0.514096 0
-2.47968 0.509884 0
-2.48124 0.505669 0
-2.4828 0.501452 0
-2.48433 0.497231 0
-2.48586 0.493009 0
-2.48737 0.488783 0
-2.48887 0.484555 0
-2.49036 0.480324 0
-2.49183 0.476091 0
-2.49329 0.471855 0
-2.49474 0.467616 0
-2.49617 0.463375 0
-2.49759 0.459132 0
-2.49899 0.454886 0
-2.50038 0.450638 0
-2.50176 0.446387 0
-2.50313 0.442134 0
-2.50448 0.437878 0
-2.50582 0.43362 0
-2.50714 0.42936 0
-2.50845 0.425098 0
-2.50975 0.420833 0
-2.51104 0.416566 0
-2.51231 0.412297 0
-2.51357 0.408026 0
-2.51481 0.403752 0
-2.51604 0.399476 0
-2.51726 0.395198 0
-2.51846 0.390918 0
-2.51966 0.386636 0
-2.52083 0.382352 0
-2.522 0.378066 0
-2.52315 0.373778 0
-2.52429 0.369488 0
-2.52541 0.365196 0
-2.52652 0.360902 0
-2.52762 0.356606 0
-2.5287 0.352308 0
-2.52978 0.348009 0
-2.53083 0.343707 0
-2.53188 0.339404 0
-2.53291 0.335099 0
-2.53393 0.330792 0
-2.53493 0.326484 0
-2.53592 0.322173 0
-2.5369 0.317861 0
-2.53786 0.313548 0
-2.53881 0.309232 0
-2.53975 0.304916 0
-2.54068 0.300597 0
-2.54159 0.296277 0
-2.54248 0.291955 0
-2.54337 0.287632 0
-2.54424 0.283307 0
-2.5451 0.278981 0
-2.54594 0.274654 0
-2.54677 0.270325 0
-2.54759 0.265994 0
-2.54839 0.261662 0
-2.54918 0.257329 0
-2.54996 0.252994 0
-2.55073 0.248658 0
-2.55148 0.244321 0
-2.55221 0.239983 0
-2.55294 0.235643 0
-2.55365 0.231302 0
-2.55435 0.22696 0
-2.55503 0.222616 0
-2.5557 0.218272 0
-2.55636 0.213926 0
-2.55701 0.20958 0
-2.55764 0.205232 0
-2.55825 0.200883 0
-2.55886 0.196533 0
-2.55945 0.192182 0
-2.56003 0.18783 0
-2.56059 0.183477 0
-2.56114 0.179123 0
-2.56168 0.174768 0
-2.56221 0.170412 0
-2.56272 0.166056 0
-2.56322 0.161698 0
-2.5637 0.15734 0
-2.56417 0.152981 0
-2.56463 0.148621 0
-2.56508 0.14426 0
-2.56551 0.139899 0
-2.56593 0.135536 0
-2.56633 0.131173 0
-2.56672 0.12681 0
-2.5671 0.122446 0
-2.56747 0.118081 0
-2.56782 0.113715 0
-2.56816 0.109349 0
-2.56848 0.104983 0
-2.56879 0.100615 0
-2.56909 0.0962477 0
-2.56938 0.0918795 0
-2.56965 0.0875109 0
-2.56991 0.0831417 0
-2.57016 0.0787722 0
-2.57039 0.0744022 0
-2.57061 0.0700319 0
-2.57081 0.0656612 0
-2.571 0.0612902 0
-2.57118 0.0569188 0
-2.57135 0.0525471 0
-2.5715 0.0481752 0
-2.57164 0.043803 0
-2.57177 0.0394306 0
-2.57188 0.035058 0
-2.57198 0.0306853 0
-2.57207 0.0263123 0
-2.57214 0.0219392 0
-2.5722 0.017566 0
-2.57225 0.0131928 0
-2.57228 0.00881941 0
-2.5723 0.00444602 0
-2.5723 7.25985e-05 0
-2.5723 -0.00430082 0
-2.57228 -0.00867422 0
-2.57224 -0.0130476 0
-2.5722 -0.0174209 0
-2.57214 -0.0217941 0
-2.57207 -0.0261671 0
-2.57198 -0.0305401 0
-2.57188 -0.0349129 0
-2.57177 -0.0392855 0
-2.57164 -0.0436579 0
-2.5715 -0.0480301 0
-2.57135 -0.052402 0
-2.57118 -0.0567737 0
-2.571 -0.061145 0
-2.57081 -0.0655161 0
-2.5706 -0.0698868 0
-2.57038 -0.0742572 0
-2.57015 -0.0786271 0
-2.56991 -0.0829967 0
-2.56965 -0.0873658 0
-2.56937 -0.0917345 0
-2.56909 -0.0961027 0
-2.56879 -0.10047 0
-2.56848 -0.104838 0
-2.56815 -0.109204 0
-2.56781 -0.11357 0
-2.56746 -0.117936 0
-2.56709 -0.122301 0
-2.56672 -0.126665 0
-2.56632 -0.131029 0
-2.56592 -0.135391 0
-2.5655 -0.139754 0
-2.56507 -0.144115 0
-2.56462 -0.148476 0
-2.56416 -0.152836 0
-2.56369 -0.157195 0
-2.56321 -0.161553 0
-2.56271 -0.165911 0
-2.5622 -0.170268 0
-2.56167 -0.174623 0
-2.56113 -0.178978 0
-2.56058 -0.183332 0
-2.56002 -0.187685 0
-2.55944 -0.192037 0
-2.55885 -0.196388 0
-2.55824 -0.200738 0
-2.55763 -0.205087 0
-2.55699 -0.209435 0
-2.55635 -0.213782 0
-2.55569 -0.218128 0
-2.55502 -0.222472 0
-2.55434 -0.226816 0
-2.55364 -0.231158 0
-2.55293 -0.235499 0
-2.5522 -0.239839 0
-2.55146 -0.244177 0
-2.55071 -0.248514 0
-2.54995 -0.25285 0
-2.54917 -0.257185 0
-2.54838 -0.261518 0
-2.54757 -0.26585 0
-2.54676 -0.270181 0
-2.54593 -0.27451 0
-2.54508 -0.278838 0
-2.54422 -0.283164 0
-2.54335 -0.287488 0
-2.54247 -0.291812 0
-2.54157 -0.296133 0
-2.54066 -0.300454 0
-2.53973 -0.304772 0
-2.5388 -0.309089 0
-2.53785 -0.313404 0
-2.53688 -0.317718 0
-2.5359 -0.32203 0
-2.53491 -0.326341 0
-2.53391 -0.330649 0
-2.53289 -0.334956 0
-2.53186 -0.339261 0
-2.53081 -0.343564 0
-2.52976 -0.347866 0
-2.52869 -0.352166 0
-2.5276 -0.356463 0
-2.5265 -0.360759 0
-2.52539 -0.365053 0
-2.52427 -0.369346 0
-2.52313 -0.373636 0
-2.52198 -0.377924 0
-2.52081 -0.38221 0
-2.51964 -0.386494 0
-2.51844 -0.390776 0
-2.51724 -0.395056 0
-2.51602 -0.399334 0
-2.51479 -0.40361 0
-2.51354 -0.407884 0
-2.51229 -0.412155 0
-2.51101 -0.416424 0
-2.50973 -0.420691 0
-2.50843 -0.424956 0
-2.50712 -0.429219 0
-2.50579 -0.433479 0
-2.50446 -0.437737 0
-2.5031 -0.441992 0
-2.50174 -0.446246 0
-2.50036 -0.450497 0
-2.49897 -0.454745 0
-2.49756 -0.458991 0
-2.49614 -0.463234 0
-2.49471 -0.467475 0
-2.49326 -0.471714 0
-2.4918 -0.47595 0
-2.49033 -0.480183 0
-2.48885 -0.484414 0
-2.48735 -0.488642 0
-2.48583 -0.492868 0
-2.48431 -0.497091 0
-2.48277 -0.501311 0
-2.48121 -0.505529 0
-2.47965 -0.509744 0
-2.47807 -0.513956 0
-2.47647 -0.518165 0
-2.47487 -0.522371 0
-2.47325 -0.526575 0
-2.47161 -0.530776 0
-2.46997 -0.534973 0
-2.4683 -0.539168 0
-2.46663 -0.54336 0
-2.46494 -0.547549 0
-2.46324 -0.551735 0
-2.46153 -0.555918 0
-2.4598 -0.560098 0
-2.45806 -0.564275 0
-2.4563 -0.568449 0
-2.45453 -0.57262 0
-2.45275 -0.576787 0
-2.45096 -0.580952 0
-2.44915 -0.585113 0
-2.44733 -0.589271 0
-2.44549 -0.593426 0
-2.44364 -0.597577 0
-2.44178 -0.601725 0
-2.4399 -0.60587 0
-2.43801 -0.610012 0
-2.43611 -0.61415 0
-2.43419 -0.618285 0
-2.43226 -0.622416 0
-2.43032 -0.626544 0
-2.42836 -0.630668 0
-2.42639 -0.634789 0
-2.42441 -0.638906 0
-2.42241 -0.64302 0
-2.4204 -0.64713 0
-2.41837 -0.651237 0
-2.41633 -0.65534 0
-2.41428 -0.659439 0
-2.41222 -0.663534 0
-2.41014 -0.667626 0
-2.40805 -0.671714 0
-2.40594 -0.675798 0
-2.40382 -0.679879 0
-2.40169 -0.683955 0
-2.39954 -0.688028 0
-2.39738 -0.692097 0
-2.39521 -0.696162 0
-2.39302 -0.700223 0
-2.39082 -0.70428 0
-2.3886 -0.708333 0
-2.38638 -0.712382 0
-2.38413 -0.716427 0
-2.38188 -0.720468 0
-2.37961 -0.724505 0
-2.37733 -0.728538 0
-2.37503 -0.732566 0
-2.37272 -0.73659 0
-2.3704 -0.74061 0
-2.36806 -0.744626 0
-2.36571 -0.748638 0
-2.36335 -0.752645 0
-2.36097 -0.756648 0
-2.35858 -0.760646 0
-2.35617 -0.764641 0
-2.35375 -0.76863 0
-2.35132 -0.772616 0
-2.34888 -0.776596 0
-2.34642 -0.780573 0
-2.34394 -0.784544 0
-2.34146 -0.788512 0
-2.33896 -0.792474 0
-2.33644 -0.796432 0
-2.33392 -0.800386 0
-2.33137 -0.804334 0
-2.32882 -0.808278 0
-2.32625 -0.812217 0
-2.32367 -0.816152 0
-2.32107 -0.820081 0
-2.31846 -0.824006 0
-2.31584 -0.827926 0
-2.3132 -0.831841 0
-2.31055 -0.835751 0
-2.30789 -0.839656 0
-2.30521 -0.843556 0
-2.30252 -0.847452 0
-2.29981 -0.851342 0
-2.29709 -0.855227 0
-2.29436 -0.859107 0
-2.29161 -0.862982 0
-2.28885 -0.866851 0
-2.28608 -0.870716 0
-2.28329 -0.874575 0
-2.28049 -0.878429 0
-2.27768 -0.882277 0
-2.27485 -0.886121 0
-2.272 -0.889959 0
-2.26915 -0.893791 0
-2.26628 -0.897619 0
-2.26339 -0.90144 0
-2.2605 -0.905257 0
-2.25759 -0.909067 0
-2.25466 -0.912873 0
-2.25172 -0.916672 0
-2.24877 -0.920466 0
-2.2458 -0.924255 0
-2.24282 -0.928037 0
-2.23983 -0.931814 0
-2.23682 -0.935586 0
-2.2338 -0.939351 0
-2.23076 -0.943111 0
-2.22771 -0.946865 0
-2.22465 -0.950613 0
-2.22157 -0.954355 0
-2.21848 -0.958091 0
-2.21538 -0.961821 0
-2.21226 -0.965546 0
-2.20913 -0.969264 0
-2.20598 -0.972976 0
-2.20282 -0.976682 0
-2.19965 -0.980382 0
-2.19646 -0.984076 0
-2.19326 -0.987763 0
-2.19005 -0.991444 0
-2.18682 -0.995119 0
-2.18357 -0.998788 0
-2.18032 -1.00245 0
-2.17705 -1.00611 0
-2.17376 -1.00976 0
-2.17046 -1.0134 0
-2.16715 -1.01704 0
-2.16383 -1.02067 0
-2.16049 -1.02429 0
-2.15713 -1.02791 0
-2.15376 -1.03152 0
-2.15038 -1.03512 0
-2.14699 -1.03872 0
-2.14358 -1.04231 0
-2.14015 -1.04589 0
-2.13672 -1.04947 0
-2.13327 -1.05304 0
-2.1298 -1.0566 0
-2.12632 -1.06016 0
-2.12283 -1.06371 0
-2.11932 -1.06725 0
-2.1158 -1.07078 0
-2.11227 -1.07431 0
-2.10872 -1.07783 0
-2.10515 -1.08135 0
-2.10158 -1.08485 0
-2.09799 -1.08835 0
-2.09438 -1.09185 0
-2.09076 -1.09533 0
-2.08713 -1.09881 0
-2.08349 -1.10228 0
-2.07982 -1.10574 0
-2.07615 -1.1092 0
-2.07246 -1.11264 0
-2.06876 -1.11609 0
-2.06504 -1.11952 0
-2.06131 -1.12294 0
-2.05757 -1.12636 0
-2.05381 -1.12977 0
-2.05004 -1.13317 0
-2.04625 -1.13657 0
-2.04245 -1.13996 0
-2.03864 -1.14333 0
-2.03481 -1.14671 0
-2.03096 -1.15007 0
-2.02711 -1.15342 0
-2.02324 -1.15677 0
-2.01935 -1.16011 0
-2.01545 -1.16344 0
-2.01154 -1.16676 0
-2.00761 -1.17008 0
-2.00367 -1.17339 0
-1.99972 -1.17668 0
-1.99575 -1.17997 0
-1.99177 -1.18326 0
-1.98777 -1.18653 0
-1.98376 -1.18979 0
-1.97973 -1.19305 0
-1.97569 -1.1963 0
-1.97164 -1.19954 0
-1.96757 -1.20277 0
-1.96349 -1.20599 0
-1.95939 -1.20921 0
-1.95528 -1.21241 0
-1.95116 -1.21561 0
-1.94702 -1.2188 0
-1.94287 -1.22197 0
-1.9387 -1.22514 0
-1.93452 -1.2283 0
-1.93033 -1.23146 0
-1.92612 -1.2346 0
-1.9219 -1.23773 0
-1.91766 -1.24086 0
-1.91341 -1.24397 0
-1.90914 -1.24708 0
-1.90486 -1.25018 0
-1.90057 -1.25326 0
-1.89626 -1.25634 0
-1.89194 -1.25941 0
-1.8876 -1.26247 0
-1.88325 -1.26552 0
-1.87889 -1.26856 0
-1.87451 -1.27159 0
-1.87012 -1.27462 0
-1.86571 -1.27763 0
-1.86129 -1.28063 0
-1.85685 -1.28362 0
-1.8524 -1.2866 0
-1.84794 -1.28958 0
-1.84346 -1.29254 0
-1.83897 -1.29549 0
-1.83446 -1.29844 0
-1.82994 -1.30137 0
-1.82541 -1.30429 0
-1.82086 -1.3072 0
-1.8163 -1.31011 0
-1.81172 -1.313 0
-1.80713 -1.31588 0
-1.80252 -1.31875 0
-1.7979 -1.32161 0
-1.79327 -1.32446 0
-1.78862 -1.3273 0
-1.78396 -1.33013 0
-1.77928 -1.33295 0
-1.77459 -1.33576 0
-1.76988 -1.33856 0
-1.76516 -1.34134 0
-1.76043 -1.34412 0
-1.75568 -1.34689 0
-1.75092 -1.34964 0
-1.74614 -1.35238 0
-1.74135 -1.35512 0
-1.73655 -1.35784 0
-1.73173 -1.36055 0
-1.72689 -1.36324 0
-1.72204 -1.36593 0
-1.71718 -1.36861 0
-1.71231 -1.37127 0
-1.70742 -1.37393 0
-1.70251 -1.37657 0
-1.69759 -1.3792 0
-1.69266 -1.38182 0
-1.68771 -1.38443 0
-1.68275 -1.38702 0
-1.67777 -1.3896 0
-1.67278 -1.39218 0
-1.66778 -1.39474 0
-1.66276 -1.39728 0
-1.65773 -1.39982 0
-1.65268 -1.40234 0
-1.64762 -1.40486 0
-1.64254 -1.40736 0
-1.63745 -1.40984 0
-1.63235 -1.41232 0
-1.62723 -1.41478 0
-1.62209 -1.41723 0
-1.61695 -1.41967 0
-1.61178 -1.4221 0
-1.60661 -1.42451 0
-1.60142 -1.42691 0
-1.59621 -1.4293 0
-1.591 -1.43167 0
-1.58576 -1.43403 0
-1.58052 -1.43638 0
-1.57525 -1.43872 0
-1.56998 -1.44104 0
-1.56469 -1.44335 0
-1.55939 -1.44565 0
-1.55407 -1.44793 0
-1.54873 -1.4502 0
-1.54339 -1.45246 0
-1.53803 -1.45471 0
-1.53265 -1.45694 0
-1.52726 -1.45915 0
-1.52186 -1.46136 0
-1.51644 -1.46354 0
-1.51101 -1.46572 0
-1.50556 -1.46788 0
-1.5001 -1.47003 0
-1.49462 -1.47216 0
-1.48913 -1.47428 0
-1.48363 -1.47639 0
-1.47811 -1.47848 0
-1.47258 -1.48056 0
-1.46704 -1.48262 0
-1.46148 -1.48467 0
-1.4559 -1.48671 0
-1.45031 -1.48873 0
-1.44471 -1.49073 0
-1.43909 -1.49272 0
-1.43346 -1.4947 0
-1.42782 -1.49666 0
-1.42216 -1.49861 0
-1.41648 -1.50054 0
-1.41079 -1.50245 0
-1.40509 -1.50436 0
-1.39937 -1.50624 0
-1.39364 -1.50811 0
-1.3879 -1.50997 0
-1.38214 -1.51181 0
-1.37637 -1.51363 0
-1.37058 -1.51544 0
-1.36478 -1.51724 0
-1.35896 -1.51902 0
-1.35314 -1.52078 0
-1.34729 -1.52252 0
-1.34143 -1.52425 0
-1.33556 -1.52597 0
-1.32968 -1.52767 0
-1.32378 -1.52935 0
-1.31786 -1.53102 0
-1.31194 -1.53267 0
-1.30599 -1.5343 0
-1.30004 -1.53592 0
-1.29407 -1.53752 0
-1.28808 -1.5391 0
-1.28209 -1.54067 0
-1.27607 -1.54222 0
-1.27005 -1.54375 0
-1.26401 -1.54527 0
-1.25795 -1.54676 0
-1.25189 -1.54825 0
-1.2458 -1.54971 0
-1.23971 -1.55116 0
-1.2336 -1.55259 0
-1.22747 -1.554 0
-1.22134 -1.5554 0
-1.21519 -1.55677 0
-1.20902 -1.55813 0
-1.20284 -1.55947 0
-1.19665 -1.5608 0
-1.19044 -1.5621 0
-1.18422 -1.56339 0
-1.17799 -1.56466 0
-1.17174 -1.56591 0
-1.16548 -1.56714 0
-1.1592 -1.56836 0
-1.15291 -1.56955 0
-1.14661 -1.57073 0
-1.14029 -1.57189 0
-1.13396 -1.57303 0
-1.12762 -1.57415 0
-1.12126 -1.57525 0
-1.11489 -1.57633 0
-1.1085 -1.57739 0
-1.10211 -1.57844 0
-1.09569 -1.57946 0
-1.08927 -1.58047 0
-1.08283 -1.58145 0
-1.07638 -1.58242 0
-1.06991 -1.58336 0
-1.06343 -1.58429 0
-1.05694 -1.58519 0
-1.05043 -1.58608 0
-1.04391 -1.58694 0
-1.03738 -1.58779 0
-1.03083 -1.58861 0
-1.02427 -1.58941 0
-1.0177 -1.5902 0
-1.01111 -1.59096 0
-1.00451 -1.5917 0
-0.997896 -1.59242 0
-0.99127 -1.59312 0
-0.98463 -1.5938 0
-0.977977 -1.59445 0
-0.971311 -1.59509 0
-0.964632 -1.5957 0
-0.95794 -1.5963 0
-0.951235 -1.59687 0
-0.944517 -1.59741 0
-0.937786 -1.59794 0
-0.931042 -1.59845 0
-0.924284 -1.59893 0
-0.917515 -1.59939 0
-0.910732 -1.59983 0
-0.903936 -1.60024 0
-0.897128 -1.60063 0
-0.890307 -1.601 0
-0.883473 -1.60135 0
-0.876626 -1.60167 0
-0.869767 -1.60197 0
-0.862895 -1.60225 0
-0.85601 -1.6025 0
-0.849113 -1.60274 0
-0.842204 -1.60294 0
-0.835282 -1.60313 0
-0.828347 -1.60328 0
-0.821401 -1.60342 0
-0.814442 -1.60353 0
-0.80747 -1.60362 0
-0.800486 -1.60368 0
-0.793491 -1.60372 0
-0.786482 -1.60373 0
-0.779462 -1.60372 0
-0.77243 -1.60369 0
-0.765386 -1.60362 0
-0.758329 -1.60354 0
-0.751261 -1.60343 0
-0.744181 -1.60329 0
-0.737089 -1.60313 0
-0.729985 -1.60294 0
-0.722869 -1.60273 0
-0.715742 -1.60249 0
-0.708603 -1.60222 0
-0.701453 -1.60193 0
-0.694291 -1.60161 0
-0.687118 -1.60127 0
-0.679933 -1.6009 0
-0.672736 -1.6005 0
-0.665529 -1.60007 0
-0.65831 -1.59962 0
-0.65108 -1.59914 0
-0.643839 -1.59864 0
-0.636587 -1.5981 0
-0.629324 -1.59754 0
-0.62205 -1.59695 0
-0.614765 -1.59633 0
-0.60747 -1.59569 0
-0.600163 -1.59502 0
-0.592846 -1.59432 0
-0.585518 -1.59359 0
-0.57818 -1.59283 0
-0.570832 -1.59204 0
-0.563473 -1.59122 0
-0.556104 -1.59038 0
-0.548724 -1.5895 0
-0.541334 -1.5886 0
-0.533935 -1.58767 0
-0.526525 -1.5867 0
-0.519106 -1.58571 0
-0.511676 -1.58469 0
-0.504237 -1.58363 0
-0.496788 -1.58255 0
-0.48933 -1.58144 0
-0.481862 -1.58029 0
-0.474385 -1.57912 0
-0.466898 -1.57791 0
-0.459403 -1.57667 0
-0.451898 -1.5754 0
-0.444384 -1.5741 0
-0.436861 -1.57277 0
-0.42933 -1.57141 0
-0.421789 -1.57001 0
-0.41424 -1.56858 0
-0.406683 -1.56712 0
-0.399117 -1.56563 0
-0.391543 -1.56411 0
-0.38396 -1.56255 0
-0.37637 -1.56096 0
-0.368771 -1.55934 0
-0.361165 -1.55768 0
-0.353551 -1.55599 0
-0.345929 -1.55426 0
-0.338299 -1.5525 0
-0.330663 -1.55071 0
-0.323019 -1.54889 0
-0.315367 -1.54703 0
-0.307709 -1.54513 0
-0.300044 -1.5432 0
-0.292372 -1.54124 0
-0.284693 -1.53924 0
-0.277008 -1.5372 0
-0.269317 -1.53513 0
-0.261619 -1.53302 0
-0.253915 -1.53088 0
-0.246205 -1.5287 0
-0.238489 -1.52649 0
-0.230768 -1.52424 0
-0.223041 -1.52195 0
-0.215309 -1.51963 0
-0.207571 -1.51727 0
-0.199829 -1.51487 0
-0.192081 -1.51243 0
-0.184329 -1.50996 0
-0.176572 -1.50745 0
-0.168811 -1.5049 0
-0.161045 -1.50231 0
-0.153275 -1.49969 0
-0.145502 -1.49702 0
-0.137724 -1.49432 0
-0.129943 -1.49158 0
-0.122159 -1.4888 0
-0.114371 -1.48598 0
-0.106581 -1.48312 0
-0.098787 -1.48023 0
-0.0909909 -1.47729 0
-0.0831922 -1.47431 0
-0.0753913 -1.47129 0
-0.0675884 -1.46823 0
-0.0597835 -1.46513 0
-0.051977 -1.46199 0
-0.0441691 -1.45881 0
-0.0363598 -1.45559 0
-0.0285496 -1.45232 0
-0.0207385 -1.44902 0
-0.0129269 -1.44567 0
-0.00511481 -1.44228 0
0.00269739 -1.43885 0
0.0105095 -1.43538 0
0.0183213 -1.43186 0
0.0261326 -1.4283 0
0.033943 -1.4247 0
0.0417525 -1.42105 0
0.0495606 -1.41736 0
0.0573673 -1.41363 0
0.0651721 -1.40985 0
0.0729749 -1.40603 0
0.0807755 -1.40216 0
0.0885734 -1.39825 0
0.0963686 -1.3943 0
0.104161 -1.3903 0
0.111949 -1.38626 0
0.119734 -1.38217 0
0.127515 -1.37803 0
0.135292 -1.37385 0
0.143064 -1.36962 0
0.150832 -1.36535 0
0.158594 -1.36103 0
0.166351 -1.35666 0
0.174102 -1.35225 0
0.181848 -1.34779 0
0.189587 -1.34329 0
0.197319 -1.33873 0
0.205044 -1.33413 0
0.212762 -1.32948 0
0.220472 -1.32479 0
0.228174 -1.32004 0
0.235868 -1.31525 0
0.243553 -1.31041 0
0.251229 -1.30552 0
0.258896 -1.30058 0
0.266553 -1.29559 0
0.2742 -1.29055 0
0.281836 -1.28547 0
0.289462 -1.28033 0
0.297076 -1.27514 0
0.304679 -1.26991 0
0.312269 -1.26462 0
0.319847 -1.25929 0
0.327413 -1.2539 0
0.334965 -1.24846 0
0.342503 -1.24297 0
0.350028 -1.23744 0
0.357538 -1.23185 0
0.365033 -1.2262 0
0.372513 -1.22051 0
0.379977 -1.21477 0
0.387425 -1.20897 0
0.394856 -1.20312 0
0.40227 -1.19722 0
0.409667 -1.19127 0
0.417045 -1.18526 0
0.424405 -1.17921 0
0.431747 -1.1731 0
0.439068 -1.16693 0
0.44637 -1.16072 0
0.453651 -1.15445 0
0.460912 -1.14813 0
0.468151 -1.14175 0
0.475368 -1.13532 0
0.482563 -1.12884 0
0.489735 -1.12231 0
0.496884 -1.11572 0
0.504008 -1.10907 0
0.511108 -1.10238 0
0.518183 -1.09562 0
0.525233 -1.08882 0
0.532256 -1.08196 0
0.539253 -1.07505 0
0.546222 -1.06808 0
0.553163 -1.06106 0
0.560077 -1.05398 0
0.566961 -1.04685 0
0.573816 -1.03966 0
0.58064 -1.03242 0
0.587434 -1.02513 0
0.594197 -1.01778 0
0.600927 -1.01037 0
0.607626 -1.00291 0
0.614291 -0.9954 0
0.620922 -0.987832 0
0.627519 -0.980209 0
0.634081 -0.972532 0
0.640607 -0.964799 0
0.647098 -0.957013 0
0.653551 -0.949172 0
0.659967 -0.941276 0
0.666344 -0.933326 0
0.672683 -0.925321 0
0.678982 -0.917262 0
0.685241 -0.909149 0
0.69146 -0.900982 0
0.697636 -0.89276 0
0.703771 -0.884485 0
0.709863 -0.876156 0
0.715911 -0.867773 0
0.721916 -0.859337 0
0.727875 -0.850847 0
0.733789 -0.842304 0
0.739656 -0.833708 0
0.745476 -0.825059 0
0.751249 -0.816357 0
0.756974 -0.807603 0
0.762649 -0.798796 0
0.768275 -0.789937 0
0.77385 -0.781027 0
0.779374 -0.772064 0
0.784847 -0.763051 0
0.790266 -0.753986 0
0.795632 -0.74487 0
0.800945 -0.735704 0
0.806202 -0.726487 0
0.811405 -0.717221 0
0.816551 -0.707905 0
0.82164 -0.698539 0
0.826671 -0.689125 0
0.831645 -0.679662 0
0.836559 -0.670151 0
0.841414 -0.660592 0
0.846208 -0.650986 0
0.850941 -0.641332 0
0.855612 -0.631632 0
0.860221 -0.621886 0
0.864767 -0.612095 0
0.869248 -0.602257 0
0.873665 -0.592376 0
0.878017 -0.58245 0
0.882303 -0.57248 0
0.886522 -0.562467 0
0.890674 -0.552411 0
0.894758 -0.542313 0
0.898773 -0.532173 0
0.902719 -0.521993 0
0.906595 -0.511772 0
0.910401 -0.501511 0
0.914135 -0.491211 0
0.917797 -0.480872 0
0.921387 -0.470495 0
0.924903 -0.460081 0
0.928346 -0.44963 0
0.931715 -0.439143 0
0.935008 -0.428621 0
0.938226 -0.418064 0
0.941368 -0.407474 0
0.944434 -0.39685 0
0.947422 -0.386194 0
0.950332 -0.375506 0
0.953164 -0.364787 0
0.955918 -0.354038 0
0.958592 -0.343259 0
0.961186 -0.332452 0
0.9637 -0.321618 0
0.966133 -0.310756 0
0.968485 -0.299868 0
0.970755 -0.288955 0
0.972943 -0.278017 0
0.975049 -0.267056 0
0.977071 -0.256072 0
0.979011 -0.245067 0
0.980866 -0.23404 0
0.982638 -0.222993 0
0.984325 -0.211927 0
0.985928 -0.200843 0
0.987445 -0.189742 0
0.988877 -0.178624 0
0.990224 -0.16749 0
0.991484 -0.156343 0
0.992658 -0.145181 0
0.993746 -0.134007 0
0.994747 -0.122821 0
0.995662 -0.111625 0
0.996489 -0.100419 0
0.99723 -0.0892035 0
0.997883 -0.0779807 0
0.998448 -0.066751 0
0.998926 -0.0555154 0
0.999316 -0.044275 0
0.999619 -0.0330307 0
0.999834 -0.0217836 0
0.999961 -0.0105344 0
1 0.000715586 0
