1 0 0
0.997188 0.09 0
0.988787 0.179496 0
0.974905 0.267995 0
0.955717 0.355034 0
0.931458 0.440187 0
0.902408 0.523071 0
0.868888 0.603361 0
0.831241 0.68078 0
0.789829 0.755109 0
0.745016 0.82618 0
0.697164 0.893875 0
0.646624 0.958116 0
0.593734 1.01887 0
0.538812 1.07612 0
0.482155 1.12991 0
0.42404 1.18026 0
0.364719 1.22726 0
0.304425 1.27096 0
0.243366 1.31146 0
0.181734 1.34886 0
0.119698 1.38325 0
0.0574135 1.41473 0
-0.00498298 1.44341 0
-0.0673684 1.46939 0
-0.129633 1.49278 0
-0.19168 1.51367 0
-0.253422 1.53217 0
-0.314783 1.54837 0
-0.375694 1.56236 0
-0.436094 1.57423 0
-0.495932 1.58408 0
-0.555159 1.59197 0
-0.613734 1.598 0
-0.671621 1.60224 0
-0.728786 1.60476 0
-0.785203 1.60564 0
-0.840847 1.60493 0
-0.895695 1.60271 0
-0.949728 1.59903 0
-1.00293 1.59395 0
-1.05529 1.58753 0
-1.10679 1.57982 0
-1.15743 1.57088 0
-1.20719 1.56075 0
-1.25606 1.54947 0
-1.30404 1.5371 0
-1.35113 1.52367 0
-1.39732 1.50923 0
-1.44261 1.49381 0
-1.48699 1.47745 0
-1.53046 1.46019 0
-1.57302 1.44207 0
-1.61467 1.42311 0
-1.65541 1.40335 0
-1.69524 1.38281 0
-1.73416 1.36154 0
-1.77217 1.33955 0
-1.80928 1.31687 0
-1.84547 1.29353 0
-1.88075 1.26955 0
-1.91514 1.24497 0
-1.94861 1.2198 0
-1.98119 1.19406 0
-2.01286 1.16778 0
-2.04364 1.14098 0
-2.07352 1.11368 0
-2.10251 1.0859 0
-2.1306 1.05766 0
-2.1578 1.02897 0
-2.18412 0.999867 0
-2.20955 0.970354 0
-2.23409 0.940453 0
-2.25775 0.910181 0
-2.28054 0.879554 0
-2.30244 0.848588 0
-2.32347 0.817299 0
-2.34362 0.785703 0
-2.3629 0.753814 0
-2.38131 0.721648 0
-2.39885 0.689218 0
-2.41553 0.656538 0
-2.43133 0.623624 0
-2.44627 0.590487 0
-2.46035 0.557142 0
-2.47357 0.523602 0
-2.48593 0.48988 0
-2.49742 0.455989 0
-2.50806 0.421941 0
-2.51784 0.387748 0
-2.52677 0.353424 0
-2.53483 0.31898 0
-2.54205 0.284429 0
-2.54841 0.249782 0
-2.55391 0.215051 0
-2.55857 0.180248 0
-2.56237 0.145386 0
-2.56532 0.110475 0
-2.56741 0.0755271 0
-2.56865 0.0405543 0
-2.56905 0.00556813 0
-2.56858 -0.0294199 0
-2.56727 -0.0643982 0
-2.56511 -0.0993551 0
-2.56209 -0.134279 0
-2.55822 -0.169158 0
-2.55349 -0.203981 0
-2.54791 -0.238735 0
-2.54148 -0.27341 0
-2.53419 -0.307992 0
-2.52604 -0.34247 0
-2.51704 -0.376832 0
-2.50717 -0.411066 0
-2.49645 -0.445158 0
-2.48487 -0.479097 0
-2.47242 -0.51287 0
-2.45911 -0.546463 0
-2.44493 -0.579865 0
-2.42989 -0.61306 0
-2.41398 -0.646037 0
-2.3972 -0.678781 0
-2.37955 -0.711278 0
-2.36103 -0.743514 0
-2.34162 -0.775475 0
-2.32135 -0.807145 0
-2.30019 -0.838509 0
-2.27815 -0.869552 0
-2.25523 -0.900258 0
-2.23142 -0.93061 0
-2.20672 -0.960591 0
-2.18114 -0.990186 0
-2.15466 -1.01937 0
-2.12728 -1.04814 0
-2.09901 -1.07647 0
-2.06984 -1.10433 0
-2.03977 -1.13171 0
-2.00879 -1.15859 0
-1.97691 -1.18495 0
-1.94412 -1.21076 0
-1.91042 -1.23601 0
-1.87581 -1.26067 0
-1.84029 -1.28471 0
-1.80385 -1.30812 0
-1.76649 -1.33086 0
-1.72821 -1.3529 0
-1.68902 -1.37423 0
-1.6489 -1.39481 0
-1.60787 -1.41461 0
-1.56591 -1.43361 0
-1.52303 -1.45176 0
-1.47924 -1.46903 0
-1.43452 -1.48539 0
-1.38889 -1.5008 0
-1.34235 -1.51523 0
-1.29489 -1.52863 0
-1.24653 -1.54096 0
-1.19727 -1.55218 0
-1.14712 -1.56224 0
-1.09607 -1.57109 0
-1.04416 -1.57869 0
-0.991373 -1.58497 0
-0.937736 -1.5899 0
-0.88326 -1.5934 0
-0.827962 -1.59542 0
-0.771862 -1.5959 0
-0.714983 -1.59476 0
-0.65735 -1.59195 0
-0.598993 -1.58739 0
-0.539947 -1.58099 0
-0.480248 -1.5727 0
-0.419941 -1.56241 0
-0.359076 -1.55005 0
-0.297709 -1.53553 0
-0.235904 -1.51875 0
-0.173732 -1.49962 0
-0.111274 -1.47803 0
-0.0486239 -1.4539 0
0.014117 -1.42711 0
0.0768323 -1.39757 0
0.139392 -1.36515 0
0.20165 -1.32977 0
0.263445 -1.29131 0
0.324595 -1.24969 0
0.3849 -1.2048 0
0.444138 -1.15656 0
0.502067 -1.10489 0
0.558419 -1.04976 0
0.612908 -0.991108 0
0.665222 -0.928936 0
0.715032 -0.86326 0
0.761992 -0.794134 0
0.805741 -0.721656 0
0.845913 -0.645968 0
0.882143 -0.567263 0
0.914075 -0.485789 0
0.941374 -0.401848 0
0.963737 -0.315795 0
0.980904 -0.228036 0
0.99267 -0.139018 0
0.99889 -0.0492213 0
0.999493 0.0408534 0
