1 0 0
0.999297 0.045 0
0.99719 0.0899368 0
0.993686 0.134748 0
0.988796 0.17937 0
0.982537 0.223744 0
0.974927 0.267811 0
0.96599 0.311513 0
0.955755 0.354796 0
0.944251 0.397608 0
0.931513 0.4399 0
0.917577 0.481626 0
0.902482 0.522743 0
0.886268 0.563212 0
0.868978 0.602997 0
0.850655 0.642065 0
0.831345 0.680387 0
0.811092 0.717938 0
0.789942 0.754694 0
0.767941 0.790635 0
0.745133 0.825747 0
0.721564 0.860014 0
0.697278 0.893427 0
0.672319 0.925977 0
0.646729 0.957657 0
0.62055 0.988465 0
0.593823 1.0184 0
0.566586 1.04746 0
0.538878 1.07565 0
0.510735 1.10296 0
0.482193 1.12942 0
0.453284 1.15502 0
0.424042 1.17976 0
0.394498 1.20367 0
0.364681 1.22674 0
0.334619 1.24899 0
0.30434 1.27043 0
0.273869 1.29107 0
0.243231 1.31091 0
0.212449 1.32998 0
0.181545 1.34829 0
0.15054 1.36584 0
0.119453 1.38265 0
0.0883031 1.39873 0
0.0571085 1.4141 0
0.0258857 1.42877 0
-0.00534942 1.44275 0
-0.036582 1.45606 0
-0.0677977 1.4687 0
-0.0989834 1.48069 0
-0.130126 1.49204 0
-0.161215 1.50278 0
-0.192238 1.51289 0
-0.223184 1.52241 0
-0.254044 1.53134 0
-0.284809 1.5397 0
-0.315469 1.54749 0
-0.346017 1.55473 0
-0.376444 1.56143 0
-0.406744 1.5676 0
-0.436908 1.57325 0
-0.466932 1.57839 0
-0.496808 1.58304 0
-0.526532 1.58719 0
-0.556097 1.59087 0
-0.585498 1.59409 0
-0.614732 1.59684 0
-0.643793 1.59915 0
-0.672677 1.60102 0
-0.70138 1.60246 0
-0.7299 1.60347 0
-0.758231 1.60408 0
-0.786372 1.60428 0
-0.814319 1.60409 0
-0.842069 1.6035 0
-0.869619 1.60254 0
-0.896968 1.60121 0
-0.924113 1.59951 0
-0.951052 1.59746 0
-0.977783 1.59506 0
-1.0043 1.59231 0
-1.03061 1.58923 0
-1.05671 1.58582 0
-1.08259 1.58209 0
-1.10826 1.57804 0
-1.1337 1.57368 0
-1.15893 1.56902 0
-1.18394 1.56407 0
-1.20873 1.55882 0
-1.2333 1.55328 0
-1.25764 1.54747 0
-1.28177 1.54138 0
-1.30567 1.53502 0
-1.32934 1.5284 0
-1.35279 1.52152 0
-1.37601 1.51439 0
-1.39901 1.507 0
-1.42178 1.49938 0
-1.44433 1.49151 0
-1.46665 1.48341 0
-1.48874 1.47509 0
-1.5106 1.46653 0
-1.53224 1.45776 0
-1.55365 1.44876 0
-1.57483 1.43956 0
-1.59578 1.43015 0
-1.61651 1.42053 0
-1.637 1.41071 0
-1.65727 1.4007 0
-1.67731 1.39049 0
-1.69712 1.3801 0
-1.71671 1.36952 0
-1.73607 1.35875 0
-1.75519 1.34781 0
-1.7741 1.3367 0
-1.79277 1.32541 0
-1.81121 1.31395 0
-1.82943 1.30233 0
-1.84742 1.29055 0
-1.86519 1.27861 0
-1.88273 1.26651 0
-1.90004 1.25426 0
-1.91712 1.24187 0
-1.93398 1.22932 0
-1.95061 1.21663 0
-1.96702 1.2038 0
-1.9832 1.19084 0
-1.99916 1.17773 0
-2.01489 1.1645 0
-2.0304 1.15113 0
-2.04568 1.13764 0
-2.06073 1.12403 0
-2.07557 1.11029 0
-2.09018 1.09643 0
-2.10456 1.08245 0
-2.11873 1.06836 0
-2.13267 1.05416 0
-2.14638 1.03985 0
-2.15988 1.02542 0
-2.17315 1.0109 0
-2.1862 0.996268 0
-2.19903 0.981537 0
-2.21164 0.966708 0
-2.22403 0.951781 0
-2.23619 0.936761 0
-2.24814 0.921647 0
-2.25986 0.906444 0
-2.27136 0.891152 0
-2.28265 0.875774 0
-2.29371 0.860312 0
-2.30456 0.844767 0
-2.31519 0.829142 0
-2.32559 0.813439 0
-2.33578 0.797659 0
-2.34575 0.781805 0
-2.35551 0.765878 0
-2.36504 0.74988 0
-2.37436 0.733813 0
-2.38345 0.717679 0
-2.39234 0.701479 0
-2.401 0.685216 0
-2.40945 0.668891 0
-2.41768 0.652505 0
-2.4257 0.636061 0
-2.43349 0.619561 0
-2.44108 0.603006 0
-2.44844 0.586397 0
-2.45559 0.569736 0
-2.46253 0.553026 0
-2.46925 0.536267 0
-2.47575 0.519461 0
-2.48204 0.502611 0
-2.48812 0.485716 0
-2.49398 0.46878 0
-2.49962 0.451804 0
-2.50505 0.434789 0
-2.51027 0.417736 0
-2.51527 0.400648 0
-2.52006 0.383526 0
-2.52463 0.366371 0
-2.52899 0.349186 0
-2.53314 0.33197 0
-2.53707 0.314727 0
-2.54079 0.297457 0
-2.5443 0.280163 0
-2.54759 0.262844 0
-2.55067 0.245504 0
-2.55354 0.228144 0
-2.55619 0.210764 0
-2.55863 0.193367 0
-2.56086 0.175953 0
-2.56288 0.158525 0
-2.56468 0.141084 0
-2.56627 0.123631 0
-2.56764 0.106168 0
-2.56881 0.0886959 0
-2.56976 0.0712167 0
-2.5705 0.0537315 0
-2.57102 0.0362419 0
-2.57134 0.0187492 0
-2.57144 0.00125507 0
-2.57132 -0.0162392 0
-2.571 -0.0337321 0
-2.57046 -0.0512223 0
-2.56971 -0.0687082 0
-2.56875 -0.0861884 0
-2.56757 -0.103661 0
-2.56618 -0.121126 0
-2.56458 -0.13858 0
-2.56277 -0.156023 0
-2.56074 -0.173453 0
-2.5585 -0.190869 0
-2.55605 -0.208269 0
-2.55338 -0.225651 0
-2.5505 -0.243014 0
-2.54741 -0.260357 0
-2.5441 -0.277679 0
-2.54058 -0.294977 0
-2.53685 -0.31225 0
-2.5329 -0.329497 0
-2.52874 -0.346716 0
-2.52437 -0.363906 0
-2.51978 -0.381065 0
-2.51498 -0.398192 0
-2.50996 -0.415285 0
-2.50473 -0.432342 0
-2.49929 -0.449362 0
-2.49363 -0.466344 0
-2.48775 -0.483285 0
-2.48166 -0.500185 0
-2.47536 -0.517041 0
-2.46884 -0.533853 0
-2.46211 -0.550618 0
-2.45516 -0.567334 0
-2.44799 -0.584001 0
-2.44061 -0.600616 0
-2.43301 -0.617179 0
-2.42519 -0.633686 0
-2.41716 -0.650137 0
-2.40891 -0.666529 0
-2.40045 -0.682861 0
-2.39177 -0.699132 0
-2.38287 -0.715339 0
-2.37375 -0.731481 0
-2.36442 -0.747555 0
-2.35486 -0.763561 0
-2.34509 -0.779496 0
-2.3351 -0.795358 0
-2.32489 -0.811146 0
-2.31447 -0.826858 0
-2.30382 -0.842491 0
-2.29296 -0.858044 0
-2.28187 -0.873514 0
-2.27056 -0.888901 0
-2.25904 -0.904201 0
-2.24729 -0.919413 0
-2.23533 -0.934535 0
-2.22314 -0.949564 0
-2.21073 -0.964499 0
-2.1981 -0.979337 0
-2.18525 -0.994076 0
-2.17217 -1.00871 0
-2.15887 -1.02325 0
-2.14535 -1.03768 0
-2.13161 -1.052 0
-2.11765 -1.06621 0
-2.10346 -1.08031 0
-2.08905 -1.0943 0
-2.07441 -1.10816 0
-2.05955 -1.12191 0
-2.04446 -1.13554 0
-2.02915 -1.14904 0
-2.01362 -1.16241 0
-1.99786 -1.17565 0
-1.98187 -1.18876 0
-1.96566 -1.20174 0
-1.94922 -1.21457 0
-1.93256 -1.22727 0
-1.91567 -1.23982 0
-1.89855 -1.25222 0
-1.88121 -1.26448 0
-1.86364 -1.27658 0
-1.84584 -1.28853 0
-1.82781 -1.30032 0
-1.80956 -1.31194 0
-1.79108 -1.3234 0
-1.77237 -1.3347 0
-1.75343 -1.34582 0
-1.73426 -1.35676 0
-1.71487 -1.36753 0
-1.69525 -1.37811 0
-1.6754 -1.38851 0
-1.65532 -1.39872 0
-1.63501 -1.40874 0
-1.61447 -1.41856 0
-1.5937 -1.42817 0
-1.57271 -1.43759 0
-1.55148 -1.44679 0
-1.53003 -1.45578 0
-1.50835 -1.46456 0
-1.48644 -1.47311 0
-1.46431 -1.48143 0
-1.44194 -1.48953 0
-1.41935 -1.49739 0
-1.39653 -1.50501 0
-1.37349 -1.51239 0
-1.35021 -1.51952 0
-1.32672 -1.52639 0
-1.30299 -1.533 0
-1.27904 -1.53935 0
-1.25487 -1.54543 0
-1.23047 -1.55123 0
-1.20585 -1.55676 0
-1.18101 -1.56199 0
-1.15595 -1.56693 0
-1.13066 -1.57158 0
-1.10516 -1.57592 0
-1.07944 -1.57995 0
-1.0535 -1.58366 0
-1.02735 -1.58705 0
-1.00099 -1.59011 0
-0.974407 -1.59283 0
-0.947618 -1.59521 0
-0.920621 -1.59724 0
-0.893417 -1.5989 0
-0.866009 -1.60021 0
-0.838398 -1.60114 0
-0.810588 -1.60168 0
-0.782581 -1.60184 0
-0.75438 -1.6016 0
-0.725987 -1.60096 0
-0.697406 -1.5999 0
-0.668641 -1.59842 0
-0.639696 -1.5965 0
-0.610573 -1.59415 0
-0.581278 -1.59134 0
-0.551814 -1.58807 0
-0.522188 -1.58434 0
-0.492403 -1.58012 0
-0.462465 -1.57542 0
-0.432381 -1.57021 0
-0.402155 -1.56449 0
-0.371796 -1.55825 0
-0.341309 -1.55148 0
-0.310703 -1.54416 0
-0.279984 -1.53629 0
-0.249163 -1.52785 0
-0.218246 -1.51884 0
-0.187245 -1.50923 0
-0.156169 -1.49901 0
-0.125029 -1.48819 0
-0.0938353 -1.47673 0
-0.0626013 -1.46463 0
-0.0313392 -1.45188 0
-6.25784e-05 -1.43847 0
0.0312141 -1.42437 0
0.0624758 -1.40958 0
0.0937063 -1.39409 0
0.124889 -1.37787 0
0.156005 -1.36093 0
0.187036 -1.34324 0
0.217961 -1.32479 0
0.248761 -1.30558 0
0.279411 -1.28558 0
0.309889 -1.26479 0
0.34017 -1.24319 0
0.370227 -1.22078 0
0.400035 -1.19754 0
0.429562 -1.17346 0
0.458781 -1.14854 0
0.487659 -1.12277 0
0.516163 -1.09613 0
0.544259 -1.06863 0
0.571912 -1.04025 0
0.599085 -1.01101 0
0.625738 -0.980882 0
0.651834 -0.949882 0
0.67733 -0.918009 0
0.702185 -0.885265 0
0.726356 -0.851659 0
0.749799 -0.8172 0
0.772469 -0.781897 0
0.794321 -0.745766 0
0.815311 -0.708825 0
0.835391 -0.671093 0
0.854517 -0.632594 0
0.872643 -0.593354 0
0.889726 -0.553404 0
0.905721 -0.512778 0
0.920586 -0.471512 0
0.934282 -0.429646 0
0.94677 -0.387225 0
0.958014 -0.344294 0
0.967982 -0.300905 0
0.976642 -0.257109 0
0.98397 -0.212962 0
0.989941 -0.168522 0
0.994538 -0.123847 0
0.997745 -0.078999 0
0.999554 -0.0340402 0
0.999957 0.0109664 0
