1 0 0
0.999989 0.005625 0
0.999956 0.0112499 0
0.999901 0.0168745 0
0.999824 0.0224988 0
0.999725 0.0281225 0
0.999605 0.0337457 0
0.999462 0.0393681 0
0.999297 0.0449896 0
0.999111 0.0506102 0
0.998902 0.0562296 0
0.998671 0.0618478 0
0.998419 0.0674647 0
0.998145 0.0730801 0
0.997849 0.0786938 0
0.997531 0.0843059 0
0.997191 0.0899161 0
0.996829 0.0955243 0
0.996446 0.10113 0
0.99604 0.106734 0
0.995613 0.112336 0
0.995165 0.117935 0
0.994694 0.123532 0
0.994202 0.129126 0
0.993688 0.134717 0
0.993152 0.140305 0
0.992595 0.14589 0
0.992016 0.151472 0
0.991416 0.15705 0
0.990794 0.162626 0
0.990151 0.168197 0
0.989486 0.173765 0
0.9888 0.179329 0
0.988092 0.18489 0
0.987363 0.190446 0
0.986613 0.195998 0
0.985841 0.201546 0
0.985048 0.20709 0
0.984234 0.212629 0
0.983398 0.218164 0
0.982542 0.223694 0
0.981664 0.229219 0
0.980766 0.234739 0
0.979846 0.240255 0
0.978905 0.245765 0
0.977944 0.251269 0
0.976961 0.256769 0
0.975958 0.262263 0
0.974934 0.267751 0
0.973889 0.273234 0
0.972824 0.278711 0
0.971738 0.284182 0
0.970631 0.289647 0
0.969504 0.295106 0
0.968357 0.300558 0
0.967189 0.306004 0
0.966 0.311444 0
0.964792 0.316878 0
0.963563 0.322304 0
0.962314 0.327724 0
0.961044 0.333137 0
0.959755 0.338543 0
0.958446 0.343942 0
0.957117 0.349334 0
0.955767 0.354719 0
0.954399 0.360096 0
0.95301 0.365466 0
0.951602 0.370828 0
0.950174 0.376183 0
0.948726 0.38153 0
0.947259 0.386869 0
0.945772 0.3922 0
0.944267 0.397523 0
0.942742 0.402838 0
0.941197 0.408145 0
0.939634 0.413443 0
0.938051 0.418733 0
0.936449 0.424015 0
0.934829 0.429288 0
0.93319 0.434552 0
0.931531 0.439807 0
0.929854 0.445054 0
0.928159 0.450292 0
0.926445 0.455521 0
0.924712 0.46074 0
0.922961 0.465951 0
0.921192 0.471152 0
0.919404 0.476344 0
0.917598 0.481526 0
0.915774 0.486699 0
0.913932 0.491863 0
0.912072 0.497016 0
0.910194 0.50216 0
0.908299 0.507295 0
0.906385 0.512419 0
0.904454 0.517533 0
0.902506 0.522637 0
0.900539 0.527731 0
0.898556 0.532815 0
0.896555 0.537889 0
0.894537 0.542952 0
0.892502 0.548005 0
0.89045 0.553048 0
0.888381 0.558079 0
0.886294 0.563101 0
0.884191 0.568111 0
0.882072 0.573111 0
0.879935 0.5781 0
0.877782 0.583078 0
0.875613 0.588045 0
0.873427 0.593001 0
0.871225 0.597946 0
0.869007 0.60288 0
0.866772 0.607803 0
0.864522 0.612715 0
0.862256 0.617615 0
0.859973 0.622503 0
0.857675 0.627381 0
0.855361 0.632247 0
0.853032 0.637101 0
0.850687 0.641944 0
0.848326 0.646775 0
0.845951 0.651594 0
0.84356 0.656402 0
0.841153 0.661198 0
0.838732 0.665982 0
0.836296 0.670754 0
0.833845 0.675514 0
0.831378 0.680262 0
0.828898 0.684998 0
0.826402 0.689722 0
0.823892 0.694433 0
0.821368 0.699133 0
0.818829 0.70382 0
0.816276 0.708495 0
0.813709 0.713158 0
0.811127 0.717808 0
0.808532 0.722446 0
0.805922 0.727072 0
0.803299 0.731685 0
0.800662 0.736285 0
0.798011 0.740873 0
0.795347 0.745448 0
0.792669 0.750011 0
0.789978 0.754561 0
0.787274 0.759098 0
0.784556 0.763623 0
0.781825 0.768134 0
0.779081 0.772633 0
0.776325 0.777119 0
0.773555 0.781593 0
0.770772 0.786053 0
0.767977 0.7905 0
0.76517 0.794934 0
0.762349 0.799356 0
0.759517 0.803764 0
0.756672 0.808159 0
0.753814 0.812541 0
0.750945 0.81691 0
0.748063 0.821266 0
0.74517 0.825609 0
0.742264 0.829939 0
0.739347 0.834255 0
0.736418 0.838558 0
0.733478 0.842848 0
0.730525 0.847124 0
0.727562 0.851388 0
0.724587 0.855638 0
0.7216 0.859874 0
0.718603 0.864098 0
0.715594 0.868308 0
0.712575 0.872504 0
0.709544 0.876687 0
0.706503 0.880857 0
0.70345 0.885013 0
0.700387 0.889156 0
0.697314 0.893285 0
0.69423 0.897401 0
0.691135 0.901503 0
0.68803 0.905592 0
0.684915 0.909667 0
0.68179 0.913729 0
0.678654 0.917777 0
0.675509 0.921812 0
0.672353 0.925833 0
0.669188 0.92984 0
0.666013 0.933834 0
0.662828 0.937815 0
0.659634 0.941781 0
0.65643 0.945734 0
0.653216 0.949674 0
0.649994 0.9536 0
0.646762 0.957512 0
0.64352 0.961411 0
0.64027 0.965296 0
0.637011 0.969167 0
0.633742 0.973024 0
0.630465 0.976868 0
0.627179 0.980699 0
0.623884 0.984515 0
0.62058 0.988318 0
0.617268 0.992108 0
0.613948 0.995884 0
0.610619 0.999646 0
0.607281 1.00339 0
0.603936 1.00713 0
0.600582 1.01085 0
0.59722 1.01456 0
0.59385 1.01825 0
0.590472 1.02193 0
0.587086 1.0256 0
0.583693 1.02925 0
0.580291 1.03289 0
0.576882 1.03651 0
0.573466 1.04013 0
0.570041 1.04372 0
0.56661 1.04731 0
0.563171 1.05088 0
0.559725 1.05444 0
0.556271 1.05798 0
0.55281 1.06151 0
0.549343 1.06503 0
0.545868 1.06853 0
0.542386 1.07202 0
0.538898 1.0755 0
0.535402 1.07896 0
0.5319 1.08241 0
0.528391 1.08584 0
0.524876 1.08926 0
0.521354 1.09267 0
0.517826 1.09606 0
0.514291 1.09945 0
0.51075 1.10281 0
0.507203 1.10617 0
0.503649 1.10951 0
0.50009 1.11283 0
0.496524 1.11615 0
0.492952 1.11945 0
0.489375 1.12273 0
0.485791 1.12601 0
0.482202 1.12927 0
0.478607 1.13251 0
0.475007 1.13575 0
0.4714 1.13897 0
0.467789 1.14217 0
0.464172 1.14536 0
0.460549 1.14854 0
0.456921 1.15171 0
0.453288 1.15486 0
0.44965 1.158 0
0.446006 1.16113 0
0.442357 1.16424 0
0.438704 1.16734 0
0.435045 1.17043 0
0.431381 1.1735 0
0.427713 1.17656 0
0.42404 1.17961 0
0.420362 1.18264 0
0.416679 1.18566 0
0.412992 1.18867 0
0.4093 1.19167 0
0.405604 1.19465 0
0.401903 1.19761 0
0.398198 1.20057 0
0.394489 1.20351 0
0.390775 1.20644 0
0.387057 1.20936 0
0.383335 1.21226 0
0.379609 1.21515 0
0.375879 1.21803 0
0.372145 1.22089 0
0.368407 1.22374 0
0.364665 1.22658 0
0.360919 1.22941 0
0.35717 1.23222 0
0.353416 1.23502 0
0.349659 1.23781 0
0.345899 1.24058 0
0.342135 1.24335 0
0.338367 1.2461 0
0.334596 1.24883 0
0.330822 1.25156 0
0.327044 1.25427 0
0.323263 1.25696 0
0.319478 1.25965 0
0.315691 1.26232 0
0.3119 1.26498 0
0.308106 1.26763 0
0.304309 1.27027 0
0.30051 1.27289 0
0.296707 1.2755 0
0.292901 1.2781 0
0.289093 1.28068 0
0.285281 1.28326 0
0.281467 1.28582 0
0.27765 1.28837 0
0.273831 1.2909 0
0.270009 1.29342 0
0.266184 1.29594 0
0.262357 1.29843 0
0.258527 1.30092 0
0.254695 1.3034 0
0.25086 1.30586 0
0.247023 1.30831 0
0.243184 1.31075 0
0.239343 1.31317 0
0.235499 1.31558 0
0.231653 1.31799 0
0.227806 1.32037 0
0.223956 1.32275 0
0.220103 1.32512 0
0.216249 1.32747 0
0.212393 1.32981 0
0.208536 1.33214 0
0.204676 1.33446 0
0.200814 1.33676 0
0.196951 1.33906 0
0.193086 1.34134 0
0.189219 1.34361 0
0.18535 1.34587 0
0.18148 1.34811 0
0.177609 1.35035 0
0.173735 1.35257 0
0.169861 1.35478 0
0.165984 1.35698 0
0.162107 1.35917 0
0.158228 1.36134 0
0.154347 1.36351 0
0.150466 1.36566 0
0.146583 1.3678 0
0.142698 1.36993 0
0.138813 1.37205 0
0.134926 1.37415 0
0.131039 1.37625 0
0.12715 1.37833 0
0.12326 1.38041 0
0.119369 1.38247 0
0.115477 1.38452 0
0.111585 1.38655 0
0.107691 1.38858 0
0.103796 1.3906 0
0.099901 1.3926 0
0.0960048 1.39459 0
0.0921078 1.39658 0
0.08821 1.39855 0
0.0843116 1.40051 0
0.0804125 1.40245 0
0.0765128 1.40439 0
0.0726124 1.40632 0
0.0687115 1.40823 0
0.06481 1.41014 0
0.0609081 1.41203 0
0.0570057 1.41391 0
0.0531028 1.41578 0
0.0491995 1.41764 0
0.0452958 1.41949 0
0.0413918 1.42133 0
0.0374875 1.42316 0
0.0335829 1.42497 0
0.029678 1.42678 0
0.0257729 1.42857 0
0.0218676 1.43036 0
0.0179622 1.43213 0
0.0140566 1.4339 0
0.0101509 1.43565 0
0.00624513 1.43739 0
0.00233931 1.43912 0
-0.00156651 1.44084 0
-0.00547233 1.44255 0
-0.00937811 1.44425 0
-0.0132838 1.44594 0
-0.0171894 1.44762 0
-0.0210949 1.44928 0
-0.0250003 1.45094 0
-0.0289054 1.45259 0
-0.0328104 1.45422 0
-0.0367151 1.45585 0
-0.0406195 1.45746 0
-0.0445237 1.45907 0
-0.0484275 1.46066 0
-0.0523311 1.46225 0
-0.0562342 1.46382 0
-0.060137 1.46539 0
-0.0640393 1.46694 0
-0.0679412 1.46848 0
-0.0718426 1.47002 0
-0.0757435 1.47154 0
-0.0796439 1.47305 0
-0.0835438 1.47456 0
-0.0874431 1.47605 0
-0.0913417 1.47753 0
-0.0952398 1.47901 0
-0.0991373 1.48047 0
-0.103034 1.48192 0
-0.10693 1.48337 0
-0.110825 1.4848 0
-0.11472 1.48622 0
-0.118614 1.48764 0
-0.122507 1.48904 0
-0.126399 1.49044 0
-0.130291 1.49182 0
-0.134181 1.49319 0
-0.138071 1.49456 0
-0.14196 1.49591 0
-0.145848 1.49726 0
-0.149735 1.4986 0
-0.153621 1.49992 0
-0.157506 1.50124 0
-0.16139 1.50254 0
-0.165273 1.50384 0
-0.169155 1.50513 0
-0.173035 1.50641 0
-0.176915 1.50768 0
-0.180794 1.50894 0
-0.184671 1.51019 0
-0.188548 1.51143 0
-0.192423 1.51266 0
-0.196297 1.51388 0
-0.20017 1.51509 0
-0.204041 1.51629 0
-0.207912 1.51749 0
-0.211781 1.51867 0
-0.215648 1.51985 0
-0.219515 1.52101 0
-0.22338 1.52217 0
-0.227244 1.52332 0
-0.231106 1.52445 0
-0.234967 1.52558 0
-0.238827 1.5267 0
-0.242685 1.52781 0
-0.246542 1.52892 0
-0.250397 1.53001 0
-0.254251 1.53109 0
-0.258103 1.53217 0
-0.261954 1.53323 0
-0.265803 1.53429 0
-0.269651 1.53534 0
-0.273497 1.53638 0
-0.277342 1.53741 0
-0.281185 1.53843 0
-0.285026 1.53944 0
-0.288866 1.54045 0
-0.292704 1.54144 0
-0.29654 1.54243 0
-0.300375 1.5434 0
-0.304208 1.54437 0
-0.308039 1.54533 0
-0.311869 1.54628 0
-0.315697 1.54723 0
-0.319523 1.54816 0
-0.323347 1.54909 0
-0.32717 1.55 0
-0.33099 1.55091 0
-0.334809 1.55181 0
-0.338626 1.5527 0
-0.342442 1.55358 0
-0.346255 1.55446 0
-0.350066 1.55532 0
-0.353876 1.55618 0
-0.357684 1.55703 0
-0.361489 1.55787 0
-0.365293 1.5587 0
-0.369095 1.55953 0
-0.372895 1.56034 0
-0.376693 1.56115 0
-0.380488 1.56195 0
-0.384282 1.56274 0
-0.388074 1.56352 0
-0.391864 1.56429 0
-0.395652 1.56506 0
-0.399437 1.56582 0
-0.403221 1.56657 0
-0.407002 1.56731 0
-0.410782 1.56804 0
-0.414559 1.56877 0
-0.418334 1.56949 0
-0.422107 1.57019 0
-0.425878 1.5709 0
-0.429647 1.57159 0
-0.433413 1.57227 0
-0.437177 1.57295 0
-0.440939 1.57362 0
-0.444699 1.57428 0
-0.448457 1.57494 0
-0.452212 1.57558 0
-0.455965 1.57622 0
-0.459716 1.57685 0
-0.463465 1.57747 0
-0.467211 1.57808 0
-0.470955 1.57869 0
-0.474697 1.57929 0
-0.478436 1.57988 0
-0.482173 1.58046 0
-0.485908 1.58104 0
-0.48964 1.58161 0
-0.49337 1.58217 0
-0.497098 1.58272 0
-0.500823 1.58327 0
-0.504545 1.5838 0
-0.508266 1.58433 0
-0.511984 1.58485 0
-0.515699 1.58537 0
-0.519412 1.58588 0
-0.523123 1.58638 0
-0.526831 1.58687 0
-0.530537 1.58735 0
-0.53424 1.58783 0
-0.53794 1.5883 0
-0.541638 1.58876 0
-0.545334 1.58922 0
-0.549027 1.58967 0
-0.552718 1.59011 0
-0.556406 1.59054 0
-0.560091 1.59097 0
-0.563774 1.59138 0
-0.567455 1.5918 0
-0.571132 1.5922 0
-0.574807 1.5926 0
-0.57848 1.59299 0
-0.58215 1.59337 0
-0.585817 1.59374 0
-0.589482 1.59411 0
-0.593144 1.59447 0
-0.596803 1.59483 0
-0.60046 1.59517 0
-0.604114 1.59551 0
-0.607766 1.59584 0
-0.611414 1.59617 0
-0.61506 1.59649 0
-0.618704 1.5968 0
-0.622344 1.5971 0
-0.625982 1.5974 0
-0.629618 1.59769 0
-0.63325 1.59798 0
-0.63688 1.59825 0
-0.640507 1.59852 0
-0.644131 1.59879 0
-0.647752 1.59904 0
-0.651371 1.59929 0
-0.654987 1.59953 0
-0.6586 1.59977 0
-0.662211 1.6 0
-0.665818 1.60022 0
-0.669423 1.60044 0
-0.673025 1.60064 0
-0.676624 1.60085 0
-0.68022 1.60104 0
-0.683813 1.60123 0
-0.687404 1.60141 0
-0.690992 1.60159 0
-0.694577 1.60176 0
-0.698159 1.60192 0
-0.701738 1.60207 0
-0.705314 1.60222 0
-0.708887 1.60236 0
-0.712458 1.6025 0
-0.716025 1.60263 0
-0.71959 1.60275 0
-0.723152 1.60287 0
-0.72671 1.60298 0
-0.730266 1.60308 0
-0.733819 1.60318 0
-0.737369 1.60327 0
-0.740916 1.60335 0
-0.74446 1.60343 0
-0.748001 1.6035 0
-0.75154 1.60356 0
-0.755075 1.60362 0
-0.758607 1.60368 0
-0.762136 1.60372 0
-0.765662 1.60376 0
-0.769186 1.60379 0
-0.772706 1.60382 0
-0.776223 1.60384 0
-0.779737 1.60386 0
-0.783248 1.60386 0
-0.786757 1.60387 0
-0.790262 1.60386 0
-0.793764 1.60385 0
-0.797263 1.60384 0
-0.800759 1.60381 0
-0.804252 1.60378 0
-0.807742 1.60375 0
-0.811229 1.60371 0
-0.814712 1.60366 0
-0.818193 1.60361 0
-0.821671 1.60355 0
-0.825145 1.60349 0
-0.828616 1.60341 0
-0.832085 1.60334 0
-0.83555 1.60325 0
-0.839012 1.60317 0
-0.842471 1.60307 0
-0.845927 1.60297 0
-0.84938 1.60286 0
-0.852829 1.60275 0
-0.856276 1.60263 0
-0.859719 1.60251 0
-0.863159 1.60238 0
-0.866597 1.60224 0
-0.870031 1.6021 0
-0.873461 1.60195 0
-0.876889 1.6018 0
-0.880313 1.60164 0
-0.883735 1.60147 0
-0.887153 1.6013 0
-0.890568 1.60113 0
-0.893979 1.60094 0
-0.897388 1.60076 0
-0.900793 1.60056 0
-0.904196 1.60036 0
-0.907595 1.60016 0
-0.91099 1.59995 0
-0.914383 1.59973 0
-0.917772 1.59951 0
-0.921158 1.59928 0
-0.924541 1.59905 0
-0.927921 1.59881 0
-0.931298 1.59857 0
-0.934671 1.59832 0
-0.938041 1.59806 0
-0.941408 1.5978 0
-0.944771 1.59753 0
-0.948131 1.59726 0
-0.951488 1.59698 0
-0.954842 1.5967 0
-0.958193 1.59641 0
-0.96154 1.59612 0
-0.964884 1.59582 0
-0.968225 1.59552 0
-0.971562 1.59521 0
-0.974896 1.59489 0
-0.978227 1.59457 0
-0.981555 1.59424 0
-0.984879 1.59391 0
-0.9882 1.59358 0
-0.991518 1.59323 0
-0.994832 1.59289 0
-0.998144 1.59253 0
-1.00145 1.59218 0
-1.00476 1.59181 0
-1.00806 1.59145 0
-1.01136 1.59107 0
-1.01465 1.59069 0
-1.01794 1.59031 0
-1.02123 1.58992 0
-1.02451 1.58953 0
-1.02779 1.58913 0
-1.03107 1.58872 0
-1.03435 1.58831 0
-1.03762 1.5879 0
-1.04089 1.58748 0
-1.04415 1.58705 0
-1.04741 1.58662 0
-1.05067 1.58619 0
-1.05393 1.58575 0
-1.05718 1.5853 0
-1.06042 1.58485 0
-1.06367 1.5844 0
-1.06691 1.58393 0
-1.07015 1.58347 0
-1.07338 1.583 0
-1.07661 1.58252 0
-1.07984 1.58204 0
-1.08307 1.58156 0
-1.08629 1.58107 0
-1.0895 1.58057 0
-1.09272 1.58007 0
-1.09593 1.57957 0
-1.09914 1.57906 0
-1.10234 1.57854 0
-1.10554 1.57802 0
-1.10874 1.5775 0
-1.11193 1.57697 0
-1.11512 1.57644 0
-1.11831 1.5759 0
-1.12149 1.57535 0
-1.12467 1.57481 0
-1.12785 1.57425 0
-1.13102 1.57369 0
-1.13419 1.57313 0
-1.13736 1.57256 0
-1.14052 1.57199 0
-1.14368 1.57141 0
-1.14684 1.57083 0
-1.14999 1.57025 0
-1.15314 1.56966 0
-1.15629 1.56906 0
-1.15943 1.56846 0
-1.16257 1.56786 0
-1.1657 1.56725 0
-1.16884 1.56663 0
-1.17196 1.56601 0
-1.17509 1.56539 0
-1.17821 1.56476 0
-1.18133 1.56413 0
-1.18445 1.56349 0
-1.18756 1.56285 0
-1.19067 1.5622 0
-1.19377 1.56155 0
-1.19687 1.5609 0
-1.19997 1.56024 0
-1.20306 1.55957 0
-1.20615 1.5589 0
-1.20924 1.55823 0
-1.21233 1.55755 0
-1.21541 1.55687 0
-1.21848 1.55619 0
-1.22156 1.55549 0
-1.22463 1.5548 0
-1.22769 1.5541 0
-1.23076 1.55339 0
-1.23382 1.55269 0
-1.23687 1.55197 0
-1.23993 1.55126 0
-1.24297 1.55053 0
-1.24602 1.54981 0
-1.24906 1.54908 0
-1.2521 1.54834 0
-1.25514 1.5476 0
-1.25817 1.54686 0
-1.2612 1.54611 0
-1.26422 1.54536 0
-1.26724 1.54461 0
-1.27026 1.54384 0
-1.27327 1.54308 0
-1.27629 1.54231 0
-1.27929 1.54154 0
-1.2823 1.54076 0
-1.2853 1.53998 0
-1.28829 1.53919 0
-1.29129 1.5384 0
-1.29428 1.53761 0
-1.29726 1.53681 0
-1.30025 1.53601 0
-1.30323 1.5352 0
-1.3062 1.53439 0
-1.30917 1.53358 0
-1.31214 1.53276 0
-1.31511 1.53194 0
-1.31807 1.53111 0
-1.32103 1.53028 0
-1.32398 1.52944 0
-1.32693 1.5286 0
-1.32988 1.52776 0
-1.33283 1.52691 0
-1.33577 1.52606 0
-1.3387 1.52521 0
-1.34164 1.52435 0
-1.34457 1.52348 0
-1.3475 1.52262 0
-1.35042 1.52174 0
-1.35334 1.52087 0
-1.35625 1.51999 0
-1.35917 1.51911 0
-1.36208 1.51822 0
-1.36498 1.51733 0
-1.36788 1.51643 0
-1.37078 1.51553 0
-1.37368 1.51463 0
-1.37657 1.51372 0
-1.37946 1.51281 0
-1.38234 1.5119 0
-1.38522 1.51098 0
-1.3881 1.51006 0
-1.39097 1.50913 0
-1.39384 1.5082 0
-1.39671 1.50727 0
-1.39957 1.50633 0
-1.40243 1.50539 0
-1.40529 1.50444 0
-1.40814 1.5035 0
-1.41099 1.50254 0
-1.41383 1.50159 0
-1.41668 1.50063 0
-1.41951 1.49966 0
-1.42235 1.49869 0
-1.42518 1.49772 0
-1.42801 1.49675 0
-1.43083 1.49577 0
-1.43365 1.49479 0
-1.43647 1.4938 0
-1.43928 1.49281 0
-1.44209 1.49182 0
-1.4449 1.49082 0
-1.4477 1.48982 0
-1.4505 1.48881 0
-1.4533 1.48781 0
-1.45609 1.48679 0
-1.45888 1.48578 0
-1.46166 1.48476 0
-1.46445 1.48374 0
-1.46722 1.48271 0
-1.47 1.48168 0
-1.47277 1.48065 0
-1.47554 1.47961 0
-1.4783 1.47857 0
-1.48106 1.47752 0
-1.48382 1.47648 0
-1.48657 1.47543 0
-1.48932 1.47437 0
-1.49207 1.47331 0
-1.49481 1.47225 0
-1.49755 1.47118 0
-1.50028 1.47012 0
-1.50302 1.46904 0
-1.50574 1.46797 0
-1.50847 1.46689 0
-1.51119 1.46581 0
-1.51391 1.46472 0
-1.51662 1.46363 0
-1.51933 1.46254 0
-1.52204 1.46144 0
-1.52474 1.46034 0
-1.52744 1.45924 0
-1.53014 1.45813 0
-1.53283 1.45702 0
-1.53552 1.45591 0
-1.53821 1.45479 0
-1.54089 1.45367 0
-1.54357 1.45255 0
-1.54624 1.45142 0
-1.54891 1.45029 0
-1.55158 1.44915 0
-1.55424 1.44802 0
-1.55691 1.44688 0
-1.55956 1.44573 0
-1.56222 1.44459 0
-1.56487 1.44344 0
-1.56751 1.44228 0
-1.57016 1.44113 0
-1.57279 1.43997 0
-1.57543 1.4388 0
-1.57806 1.43764 0
-1.58069 1.43647 0
-1.58332 1.43529 0
-1.58594 1.43412 0
-1.58856 1.43294 0
-1.59117 1.43176 0
-1.59378 1.43057 0
-1.59639 1.42938 0
-1.59899 1.42819 0
-1.60159 1.42699 0
-1.60419 1.42579 0
-1.60678 1.42459 0
-1.60937 1.42339 0
-1.61196 1.42218 0
-1.61454 1.42097 0
-1.61712 1.41975 0
-1.61969 1.41854 0
-1.62226 1.41731 0
-1.62483 1.41609 0
-1.6274 1.41486 0
-1.62996 1.41363 0
-1.63251 1.4124 0
-1.63507 1.41116 0
-1.63762 1.40993 0
-1.64016 1.40868 0
-1.64271 1.40744 0
-1.64525 1.40619 0
-1.64778 1.40494 0
-1.65032 1.40368 0
-1.65284 1.40243 0
-1.65537 1.40117 0
-1.65789 1.3999 0
-1.66041 1.39863 0
-1.66292 1.39737 0
-1.66543 1.39609 0
-1.66794 1.39482 0
-1.67045 1.39354 0
-1.67295 1.39226 0
-1.67544 1.39097 0
-1.67794 1.38968 0
-1.68043 1.38839 0
-1.68291 1.3871 0
-1.68539 1.3858 0
-1.68787 1.38451 0
-1.69035 1.3832 0
-1.69282 1.3819 0
-1.69529 1.38059 0
-1.69775 1.37928 0
-1.70021 1.37797 0
-1.70267 1.37665 0
-1.70512 1.37533 0
-1.70758 1.37401 0
-1.71002 1.37268 0
-1.71247 1.37135 0
-1.7149 1.37002 0
-1.71734 1.36869 0
-1.71977 1.36735 0
-1.7222 1.36601 0
-1.72463 1.36467 0
-1.72705 1.36332 0
-1.72947 1.36198 0
-1.73188 1.36063 0
-1.73429 1.35927 0
-1.7367 1.35792 0
-1.73911 1.35656 0
-1.74151 1.35519 0
-1.7439 1.35383 0
-1.7463 1.35246 0
-1.74869 1.35109 0
-1.75107 1.34972 0
-1.75345 1.34834 0
-1.75583 1.34696 0
-1.75821 1.34558 0
-1.76058 1.3442 0
-1.76295 1.34281 0
-1.76531 1.34142 0
-1.76768 1.34003 0
-1.77003 1.33864 0
-1.77239 1.33724 0
-1.77474 1.33584 0
-1.77709 1.33444 0
-1.77943 1.33303 0
-1.78177 1.33162 0
-1.78411 1.33021 0
-1.78644 1.3288 0
-1.78877 1.32738 0
-1.79109 1.32596 0
-1.79342 1.32454 0
-1.79573 1.32312 0
-1.79805 1.32169 0
-1.80036 1.32026 0
-1.80267 1.31883 0
-1.80497 1.3174 0
-1.80727 1.31596 0
-1.80957 1.31452 0
-1.81187 1.31308 0
-1.81416 1.31163 0
-1.81644 1.31018 0
-1.81873 1.30873 0
-1.821 1.30728 0
-1.82328 1.30583 0
-1.82555 1.30437 0
-1.82782 1.30291 0
-1.83009 1.30145 0
-1.83235 1.29998 0
-1.83461 1.29851 0
-1.83686 1.29704 0
-1.83911 1.29557 0
-1.84136 1.2941 0
-1.8436 1.29262 0
-1.84585 1.29114 0
-1.84808 1.28966 0
-1.85032 1.28817 0
-1.85255 1.28668 0
-1.85477 1.28519 0
-1.85699 1.2837 0
-1.85921 1.28221 0
-1.86143 1.28071 0
-1.86364 1.27921 0
-1.86585 1.27771 0
-1.86806 1.2762 0
-1.87026 1.27469 0
-1.87245 1.27318 0
-1.87465 1.27167 0
-1.87684 1.27016 0
-1.87903 1.26864 0
-1.88121 1.26712 0
-1.88339 1.2656 0
-1.88557 1.26408 0
-1.88774 1.26255 0
-1.88991 1.26102 0
-1.89208 1.25949 0
-1.89424 1.25796 0
-1.8964 1.25642 0
-1.89855 1.25488 0
-1.90071 1.25334 0
-1.90285 1.2518 0
-1.905 1.25025 0
-1.90714 1.24871 0
-1.90928 1.24716 0
-1.91141 1.24561 0
-1.91354 1.24405 0
-1.91567 1.24249 0
-1.91779 1.24094 0
-1.91991 1.23937 0
-1.92203 1.23781 0
-1.92414 1.23625 0
-1.92625 1.23468 0
-1.92836 1.23311 0
-1.93046 1.23153 0
-1.93256 1.22996 0
-1.93465 1.22838 0
-1.93675 1.2268 0
-1.93883 1.22522 0
-1.94092 1.22364 0
-1.943 1.22205 0
-1.94508 1.22046 0
-1.94715 1.21887 0
-1.94922 1.21728 0
-1.95129 1.21569 0
-1.95335 1.21409 0
-1.95541 1.21249 0
-1.95747 1.21089 0
-1.95952 1.20928 0
-1.96157 1.20768 0
-1.96362 1.20607 0
-1.96566 1.20446 0
-1.9677 1.20285 0
-1.96974 1.20123 0
-1.97177 1.19962 0
-1.9738 1.198 0
-1.97582 1.19638 0
-1.97784 1.19475 0
-1.97986 1.19313 0
-1.98187 1.1915 0
-1.98388 1.18987 0
-1.98589 1.18824 0
-1.9879 1.18661 0
-1.9899 1.18497 0
-1.99189 1.18333 0
-1.99389 1.18169 0
-1.99587 1.18005 0
-1.99786 1.17841 0
-1.99984 1.17676 0
-2.00182 1.17511 0
-2.0038 1.17346 0
-2.00577 1.17181 0
-2.00774 1.17016 0
-2.0097 1.1685 0
-2.01166 1.16684 0
-2.01362 1.16518 0
-2.01558 1.16352 0
-2.01753 1.16185 0
-2.01948 1.16019 0
-2.02142 1.15852 0
-2.02336 1.15685 0
-2.0253 1.15518 0
-2.02723 1.1535 0
-2.02916 1.15182 0
-2.03109 1.15015 0
-2.03301 1.14847 0
-2.03493 1.14678 0
-2.03684 1.1451 0
-2.03876 1.14341 0
-2.04067 1.14172 0
-2.04257 1.14003 0
-2.04447 1.13834 0
-2.04637 1.13665 0
-2.04827 1.13495 0
-2.05016 1.13325 0
-2.05204 1.13155 0
-2.05393 1.12985 0
-2.05581 1.12815 0
-2.05769 1.12644 0
-2.05956 1.12473 0
-2.06143 1.12302 0
-2.0633 1.12131 0
-2.06516 1.1196 0
-2.06702 1.11788 0
-2.06888 1.11616 0
-2.07073 1.11444 0
-2.07258 1.11272 0
-2.07442 1.111 0
-2.07627 1.10927 0
-2.07811 1.10755 0
-2.07994 1.10582 0
-2.08177 1.10409 0
-2.0836 1.10236 0
-2.08543 1.10062 0
-2.08725 1.09889 0
-2.08906 1.09715 0
-2.09088 1.09541 0
-2.09269 1.09367 0
-2.0945 1.09192 0
-2.0963 1.09018 0
-2.0981 1.08843 0
-2.0999 1.08668 0
-2.10169 1.08493 0
-2.10348 1.08318 0
-2.10527 1.08143 0
-2.10705 1.07967 0
-2.10883 1.07791 0
-2.11061 1.07615 0
-2.11238 1.07439 0
-2.11415 1.07263 0
-2.11591 1.07086 0
-2.11767 1.0691 0
-2.11943 1.06733 0
-2.12119 1.06556 0
-2.12294 1.06379 0
-2.12469 1.06201 0
-2.12643 1.06024 0
-2.12817 1.05846 0
-2.12991 1.05668 0
-2.13164 1.0549 0
-2.13338 1.05312 0
-2.1351 1.05133 0
-2.13683 1.04955 0
-2.13855 1.04776 0
-2.14026 1.04597 0
-2.14198 1.04418 0
-2.14369 1.04239 0
-2.14539 1.04059 0
-2.1471 1.0388 0
-2.14879 1.037 0
-2.15049 1.0352 0
-2.15218 1.0334 0
-2.15387 1.0316 0
-2.15556 1.02979 0
-2.15724 1.02799 0
-2.15892 1.02618 0
-2.16059 1.02437 0
-2.16226 1.02256 0
-2.16393 1.02075 0
-2.1656 1.01893 0
-2.16726 1.01711 0
-2.16892 1.0153 0
-2.17057 1.01348 0
-2.17222 1.01166 0
-2.17387 1.00984 0
-2.17551 1.00801 0
-2.17715 1.00619 0
-2.17879 1.00436 0
-2.18042 1.00253 0
-2.18205 1.0007 0
-2.18368 0.998867 0
-2.1853 0.997034 0
-2.18692 0.995199 0
-2.18854 0.993362 0
-2.19015 0.991524 0
-2.19176 0.989684 0
-2.19336 0.987843 0
-2.19497 0.986 0
-2.19656 0.984155 0
-2.19816 0.982309 0
-2.19975 0.980461 0
-2.20134 0.978612 0
-2.20292 0.976762 0
-2.20451 0.974909 0
-2.20608 0.973056 0
-2.20766 0.9712 0
-2.20923 0.969344 0
-2.2108 0.967485 0
-2.21236 0.965625 0
-2.21392 0.963764 0
-2.21548 0.961901 0
-2.21703 0.960037 0
-2.21858 0.958171 0
-2.22013 0.956304 0
-2.22167 0.954435 0
-2.22321 0.952565 0
-2.22475 0.950693 0
-2.22628 0.94882 0
-2.22781 0.946945 0
-2.22934 0.945069 0
-2.23086 0.943191 0
-2.23238 0.941312 0
-2.2339 0.939431 0
-2.23541 0.937549 0
-2.23692 0.935666 0
-2.23842 0.933781 0
-2.23993 0.931895 0
-2.24142 0.930007 0
-2.24292 0.928118 0
-2.24441 0.926227 0
-2.2459 0.924335 0
-2.24738 0.922442 0
-2.24886 0.920547 0
-2.25034 0.91865 0
-2.25182 0.916753 0
-2.25329 0.914854 0
-2.25476 0.912953 0
-2.25622 0.911051 0
-2.25768 0.909148 0
-2.25914 0.907243 0
-2.26059 0.905337 0
-2.26204 0.90343 0
-2.26349 0.901521 0
-2.26493 0.899611 0
-2.26637 0.897699 0
-2.26781 0.895786 0
-2.26924 0.893872 0
-2.27067 0.891957 0
-2.2721 0.89004 0
-2.27352 0.888121 0
-2.27494 0.886202 0
-2.27636 0.884281 0
-2.27777 0.882358 0
-2.27918 0.880435 0
-2.28058 0.87851 0
-2.28199 0.876583 0
-2.28339 0.874656 0
-2.28478 0.872727 0
-2.28617 0.870797 0
-2.28756 0.868865 0
-2.28895 0.866932 0
-2.29033 0.864998 0
-2.29171 0.863063 0
-2.29308 0.861126 0
-2.29445 0.859188 0
-2.29582 0.857249 0
-2.29718 0.855308 0
-2.29855 0.853366 0
-2.2999 0.851423 0
-2.30126 0.849479 0
-2.30261 0.847533 0
-2.30396 0.845586 0
-2.3053 0.843638 0
-2.30664 0.841689 0
-2.30798 0.839738 0
-2.30931 0.837786 0
-2.31064 0.835833 0
-2.31197 0.833878 0
-2.31329 0.831923 0
-2.31461 0.829966 0
-2.31593 0.828008 0
-2.31724 0.826048 0
-2.31855 0.824088 0
-2.31986 0.822126 0
-2.32116 0.820163 0
-2.32246 0.818199 0
-2.32376 0.816234 0
-2.32505 0.814267 0
-2.32634 0.812299 0
-2.32762 0.81033 0
-2.32891 0.80836 0
-2.33019 0.806389 0
-2.33146 0.804416 0
-2.33273 0.802443 0
-2.334 0.800468 0
-2.33527 0.798492 0
-2.33653 0.796514 0
-2.33779 0.794536 0
-2.33904 0.792557 0
-2.34029 0.790576 0
-2.34154 0.788594 0
-2.34279 0.786611 0
-2.34403 0.784627 0
-2.34527 0.782642 0
-2.3465 0.780655 0
-2.34773 0.778668 0
-2.34896 0.776679 0
-2.35019 0.774689 0
-2.35141 0.772698 0
-2.35262 0.770706 0
-2.35384 0.768713 0
-2.35505 0.766719 0
-2.35626 0.764723 0
-2.35746 0.762727 0
-2.35866 0.760729 0
-2.35986 0.758731 0
-2.36105 0.756731 0
-2.36224 0.75473 0
-2.36343 0.752728 0
-2.36461 0.750725 0
-2.36579 0.748721 0
-2.36697 0.746716 0
-2.36814 0.744709 0
-2.36931 0.742702 0
-2.37048 0.740694 0
-2.37164 0.738684 0
-2.3728 0.736674 0
-2.37396 0.734662 0
-2.37511 0.732649 0
-2.37626 0.730636 0
-2.37741 0.728621 0
-2.37855 0.726605 0
-2.37969 0.724588 0
-2.38083 0.72257 0
-2.38196 0.720552 0
-2.38309 0.718532 0
-2.38421 0.716511 0
-2.38534 0.714489 0
-2.38646 0.712466 0
-2.38757 0.710442 0
-2.38868 0.708417 0
-2.38979 0.706391 0
-2.3909 0.704364 0
-2.392 0.702336 0
-2.3931 0.700307 0
-2.39419 0.698277 0
-2.39529 0.696246 0
-2.39637 0.694214 0
-2.39746 0.692181 0
-2.39854 0.690147 0
-2.39962 0.688112 0
-2.40069 0.686076 0
-2.40177 0.684039 0
-2.40283 0.682002 0
-2.4039 0.679963 0
-2.40496 0.677923 0
-2.40602 0.675882 0
-2.40707 0.673841 0
-2.40812 0.671798 0
-2.40917 0.669755 0
-2.41022 0.66771 0
-2.41126 0.665665 0
-2.41229 0.663619 0
-2.41333 0.661571 0
-2.41436 0.659523 0
-2.41539 0.657474 0
-2.41641 0.655424 0
-2.41743 0.653373 0
-2.41845 0.651321 0
-2.41946 0.649268 0
-2.42047 0.647215 0
-2.42148 0.64516 0
-2.42248 0.643105 0
-2.42349 0.641048 0
-2.42448 0.638991 0
-2.42548 0.636933 0
-2.42647 0.634874 0
-2.42745 0.632814 0
-2.42844 0.630753 0
-2.42942 0.628691 0
-2.43039 0.626629 0
-2.43137 0.624565 0
-2.43234 0.622501 0
-2.4333 0.620436 0
-2.43427 0.61837 0
-2.43523 0.616303 0
-2.43618 0.614235 0
-2.43714 0.612166 0
-2.43809 0.610097 0
-2.43903 0.608027 0
-2.43998 0.605956 0
-2.44092 0.603884 0
-2.44185 0.601811 0
-2.44279 0.599737 0
-2.44371 0.597663 0
-2.44464 0.595587 0
-2.44556 0.593511 0
-2.44648 0.591434 0
-2.4474 0.589357 0
-2.44831 0.587278 0
-2.44922 0.585199 0
-2.45013 0.583118 0
-2.45103 0.581037 0
-2.45193 0.578956 0
-2.45282 0.576873 0
-2.45372 0.57479 0
-2.45461 0.572706 0
-2.45549 0.570621 0
-2.45637 0.568535 0
-2.45725 0.566448 0
-2.45813 0.564361 0
-2.459 0.562273 0
-2.45987 0.560184 0
-2.46074 0.558095 0
-2.4616 0.556004 0
-2.46246 0.553913 0
-2.46331 0.551821 0
-2.46416 0.549729 0
-2.46501 0.547635 0
-2.46586 0.545541 0
-2.4667 0.543446 0
-2.46754 0.541351 0
-2.46837 0.539255 0
-2.46921 0.537157 0
-2.47003 0.53506 0
-2.47086 0.532961 0
-2.47168 0.530862 0
-2.4725 0.528762 0
-2.47332 0.526661 0
-2.47413 0.52456 0
-2.47494 0.522458 0
-2.47574 0.520355 0
-2.47654 0.518251 0
-2.47734 0.516147 0
-2.47814 0.514042 0
-2.47893 0.511936 0
-2.47972 0.50983 0
-2.4805 0.507723 0
-2.48128 0.505615 0
-2.48206 0.503507 0
-2.48283 0.501398 0
-2.48361 0.499288 0
-2.48437 0.497178 0
-2.48514 0.495067 0
-2.4859 0.492955 0
-2.48666 0.490842 0
-2.48741 0.488729 0
-2.48816 0.486616 0
-2.48891 0.484501 0
-2.48966 0.482386 0
-2.4904 0.48027 0
-2.49114 0.478154 0
-2.49187 0.476037 0
-2.4926 0.473919 0
-2.49333 0.471801 0
-2.49405 0.469682 0
-2.49478 0.467563 0
-2.49549 0.465442 0
-2.49621 0.463322 0
-2.49692 0.4612 0
-2.49763 0.459078 0
-2.49833 0.456956 0
-2.49903 0.454832 0
-2.49973 0.452708 0
-2.50042 0.450584 0
-2.50111 0.448459 0
-2.5018 0.446333 0
-2.50249 0.444207 0
-2.50317 0.44208 0
-2.50385 0.439952 0
-2.50452 0.437824 0
-2.50519 0.435696 0
-2.50586 0.433567 0
-2.50652 0.431437 0
-2.50718 0.429306 0
-2.50784 0.427175 0
-2.50849 0.425044 0
-2.50915 0.422912 0
-2.50979 0.420779 0
-2.51044 0.418646 0
-2.51108 0.416512 0
-2.51172 0.414378 0
-2.51235 0.412243 0
-2.51298 0.410107 0
-2.51361 0.407971 0
-2.51423 0.405835 0
-2.51485 0.403698 0
-2.51547 0.40156 0
-2.51608 0.399422 0
-2.51669 0.397283 0
-2.5173 0.395144 0
-2.51791 0.393005 0
-2.51851 0.390864 0
-2.5191 0.388724 0
-2.5197 0.386582 0
-2.52029 0.38444 0
-2.52088 0.382298 0
-2.52146 0.380155 0
-2.52204 0.378012 0
-2.52262 0.375868 0
-2.52319 0.373724 0
-2.52376 0.371579 0
-2.52433 0.369434 0
-2.52489 0.367288 0
-2.52545 0.365142 0
-2.52601 0.362995 0
-2.52656 0.360848 0
-2.52711 0.3587 0
-2.52766 0.356552 0
-2.52821 0.354403 0
-2.52875 0.352254 0
-2.52928 0.350105 0
-2.52982 0.347955 0
-2.53035 0.345804 0
-2.53087 0.343653 0
-2.5314 0.341502 0
-2.53192 0.33935 0
-2.53244 0.337198 0
-2.53295 0.335045 0
-2.53346 0.332892 0
-2.53397 0.330738 0
-2.53447 0.328584 0
-2.53497 0.326429 0
-2.53547 0.324274 0
-2.53596 0.322119 0
-2.53645 0.319963 0
-2.53694 0.317807 0
-2.53742 0.31565 0
-2.5379 0.313493 0
-2.53838 0.311336 0
-2.53886 0.309178 0
-2.53933 0.30702 0
-2.53979 0.304861 0
-2.54026 0.302702 0
-2.54072 0.300543 0
-2.54117 0.298383 0
-2.54163 0.296223 0
-2.54208 0.294062 0
-2.54253 0.291901 0
-2.54297 0.289739 0
-2.54341 0.287578 0
-2.54385 0.285416 0
-2.54428 0.283253 0
-2.54471 0.28109 0
-2.54514 0.278927 0
-2.54556 0.276763 0
-2.54598 0.274599 0
-2.5464 0.272435 0
-2.54681 0.27027 0
-2.54722 0.268105 0
-2.54763 0.26594 0
-2.54804 0.263774 0
-2.54844 0.261608 0
-2.54883 0.259441 0
-2.54923 0.257274 0
-2.54962 0.255107 0
-2.55 0.25294 0
-2.55039 0.250772 0
-2.55077 0.248604 0
-2.55115 0.246436 0
-2.55152 0.244267 0
-2.55189 0.242098 0
-2.55226 0.239928 0
-2.55262 0.237759 0
-2.55298 0.235589 0
-2.55334 0.233418 0
-2.55369 0.231248 0
-2.55404 0.229077 0
-2.55439 0.226905 0
-2.55473 0.224734 0
-2.55508 0.222562 0
-2.55541 0.22039 0
-2.55575 0.218218 0
-2.55608 0.216045 0
-2.5564 0.213872 0
-2.55673 0.211699 0
-2.55705 0.209525 0
-2.55737 0.207351 0
-2.55768 0.205177 0
-2.55799 0.203003 0
-2.5583 0.200828 0
-2.5586 0.198653 0
-2.5589 0.196478 0
-2.5592 0.194303 0
-2.55949 0.192127 0
-2.55978 0.189951 0
-2.56007 0.187775 0
-2.56036 0.185599 0
-2.56064 0.183422 0
-2.56091 0.181246 0
-2.56119 0.179069 0
-2.56146 0.176891 0
-2.56173 0.174714 0
-2.56199 0.172536 0
-2.56225 0.170358 0
-2.56251 0.16818 0
-2.56276 0.166001 0
-2.56301 0.163823 0
-2.56326 0.161644 0
-2.5635 0.159465 0
-2.56375 0.157285 0
-2.56398 0.155106 0
-2.56422 0.152926 0
-2.56445 0.150746 0
-2.56468 0.148566 0
-2.5649 0.146386 0
-2.56512 0.144206 0
-2.56534 0.142025 0
-2.56555 0.139844 0
-2.56576 0.137663 0
-2.56597 0.135482 0
-2.56617 0.133301 0
-2.56638 0.131119 0
-2.56657 0.128937 0
-2.56677 0.126756 0
-2.56696 0.124573 0
-2.56715 0.122391 0
-2.56733 0.120209 0
-2.56751 0.118026 0
-2.56769 0.115844 0
-2.56786 0.113661 0
-2.56803 0.111478 0
-2.5682 0.109295 0
-2.56837 0.107112 0
-2.56853 0.104928 0
-2.56869 0.102745 0
-2.56884 0.100561 0
-2.56899 0.0983773 0
-2.56914 0.0961934 0
-2.56928 0.0940094 0
-2.56942 0.0918253 0
-2.56956 0.089641 0
-2.5697 0.0874566 0
-2.56983 0.0852721 0
-2.56996 0.0830875 0
-2.57008 0.0809028 0
-2.5702 0.0787179 0
-2.57032 0.076533 0
-2.57043 0.074348 0
-2.57054 0.0721629 0
-2.57065 0.0699777 0
-2.57076 0.0677924 0
-2.57086 0.065607 0
-2.57096 0.0634215 0
-2.57105 0.0612359 0
-2.57114 0.0590503 0
-2.57123 0.0568646 0
-2.57131 0.0546788 0
-2.5714 0.052493 0
-2.57147 0.050307 0
-2.57155 0.048121 0
-2.57162 0.045935 0
-2.57169 0.0437489 0
-2.57175 0.0415627 0
-2.57181 0.0393765 0
-2.57187 0.0371902 0
-2.57193 0.0350039 0
-2.57198 0.0328175 0
-2.57203 0.0306311 0
-2.57207 0.0284447 0
-2.57211 0.0262582 0
-2.57215 0.0240717 0
-2.57219 0.0218851 0
-2.57222 0.0196986 0
-2.57225 0.017512 0
-2.57227 0.0153253 0
-2.57229 0.0131387 0
-2.57231 0.010952 0
-2.57233 0.00876536 0
-2.57234 0.00657868 0
-2.57235 0.00439198 0
-2.57235 0.00220528 0
-2.57235 1.85771e-05 0
-2.57235 -0.00216813 0
-2.57235 -0.00435483 0
-2.57234 -0.00654152 0
-2.57233 -0.00872821 0
-2.57231 -0.0109149 0
-2.57229 -0.0131015 0
-2.57227 -0.0152882 0
-2.57225 -0.0174748 0
-2.57222 -0.0196614 0
-2.57219 -0.021848 0
-2.57215 -0.0240345 0
-2.57211 -0.0262211 0
-2.57207 -0.0284075 0
-2.57203 -0.030594 0
-2.57198 -0.0327804 0
-2.57193 -0.0349668 0
-2.57187 -0.0371531 0
-2.57181 -0.0393394 0
-2.57175 -0.0415256 0
-2.57169 -0.0437117 0
-2.57162 -0.0458979 0
-2.57155 -0.0480839 0
-2.57147 -0.0502699 0
-2.5714 -0.0524558 0
-2.57131 -0.0546417 0
-2.57123 -0.0568275 0
-2.57114 -0.0590132 0
-2.57105 -0.0611988 0
-2.57096 -0.0633844 0
-2.57086 -0.0655698 0
-2.57076 -0.0677552 0
-2.57065 -0.0699405 0
-2.57054 -0.0721258 0
-2.57043 -0.0743109 0
-2.57032 -0.0764959 0
-2.5702 -0.0786808 0
-2.57008 -0.0808656 0
-2.56995 -0.0830504 0
-2.56983 -0.085235 0
-2.5697 -0.0874195 0
-2.56956 -0.0896039 0
-2.56942 -0.0917881 0
-2.56928 -0.0939723 0
-2.56914 -0.0961563 0
-2.56899 -0.0983402 0
-2.56884 -0.100524 0
-2.56868 -0.102708 0
-2.56853 -0.104891 0
-2.56837 -0.107075 0
-2.5682 -0.109258 0
-2.56803 -0.111441 0
-2.56786 -0.113624 0
-2.56769 -0.115807 0
-2.56751 -0.117989 0
-2.56733 -0.120172 0
-2.56714 -0.122354 0
-2.56696 -0.124536 0
-2.56677 -0.126718 0
-2.56657 -0.1289 0
-2.56637 -0.131082 0
-2.56617 -0.133264 0
-2.56597 -0.135445 0
-2.56576 -0.137626 0
-2.56555 -0.139807 0
-2.56534 -0.141988 0
-2.56512 -0.144169 0
-2.5649 -0.146349 0
-2.56467 -0.148529 0
-2.56445 -0.150709 0
-2.56422 -0.152889 0
-2.56398 -0.155069 0
-2.56374 -0.157248 0
-2.5635 -0.159428 0
-2.56326 -0.161607 0
-2.56301 -0.163786 0
-2.56276 -0.165964 0
-2.56251 -0.168143 0
-2.56225 -0.170321 0
-2.56199 -0.172499 0
-2.56172 -0.174677 0
-2.56146 -0.176854 0
-2.56119 -0.179032 0
-2.56091 -0.181209 0
-2.56063 -0.183385 0
-2.56035 -0.185562 0
-2.56007 -0.187738 0
-2.55978 -0.189915 0
-2.55949 -0.19209 0
-2.5592 -0.194266 0
-2.5589 -0.196441 0
-2.5586 -0.198617 0
-2.5583 -0.200791 0
-2.55799 -0.202966 0
-2.55768 -0.20514 0
-2.55736 -0.207314 0
-2.55705 -0.209488 0
-2.55673 -0.211662 0
-2.5564 -0.213835 0
-2.55607 -0.216008 0
-2.55574 -0.218181 0
-2.55541 -0.220353 0
-2.55507 -0.222525 0
-2.55473 -0.224697 0
-2.55439 -0.226868 0
-2.55404 -0.22904 0
-2.55369 -0.231211 0
-2.55334 -0.233381 0
-2.55298 -0.235552 0
-2.55262 -0.237722 0
-2.55225 -0.239891 0
-2.55189 -0.242061 0
-2.55152 -0.24423 0
-2.55114 -0.246399 0
-2.55077 -0.248567 0
-2.55039 -0.250735 0
-2.55 -0.252903 0
-2.54961 -0.255071 0
-2.54922 -0.257238 0
-2.54883 -0.259404 0
-2.54843 -0.261571 0
-2.54803 -0.263737 0
-2.54763 -0.265903 0
-2.54722 -0.268068 0
-2.54681 -0.270233 0
-2.5464 -0.272398 0
-2.54598 -0.274562 0
-2.54556 -0.276726 0
-2.54514 -0.27889 0
-2.54471 -0.281053 0
-2.54428 -0.283216 0
-2.54384 -0.285379 0
-2.54341 -0.287541 0
-2.54297 -0.289703 0
-2.54252 -0.291864 0
-2.54208 -0.294025 0
-2.54162 -0.296186 0
-2.54117 -0.298346 0
-2.54071 -0.300506 0
-2.54025 -0.302665 0
-2.53979 -0.304825 0
-2.53932 -0.306983 0
-2.53885 -0.309141 0
-2.53838 -0.311299 0
-2.5379 -0.313457 0
-2.53742 -0.315614 0
-2.53694 -0.31777 0
-2.53645 -0.319927 0
-2.53596 -0.322082 0
-2.53546 -0.324238 0
-2.53497 -0.326393 0
-2.53447 -0.328547 0
-2.53396 -0.330701 0
-2.53346 -0.332855 0
-2.53295 -0.335008 0
-2.53243 -0.337161 0
-2.53191 -0.339313 0
-2.53139 -0.341465 0
-2.53087 -0.343617 0
-2.53034 -0.345768 0
-2.52981 -0.347918 0
-2.52928 -0.350068 0
-2.52874 -0.352218 0
-2.5282 -0.354367 0
-2.52766 -0.356515 0
-2.52711 -0.358664 0
-2.52656 -0.360811 0
-2.52601 -0.362959 0
-2.52545 -0.365105 0
-2.52489 -0.367252 0
-2.52432 -0.369397 0
-2.52376 -0.371543 0
-2.52319 -0.373688 0
-2.52261 -0.375832 0
-2.52203 -0.377976 0
-2.52145 -0.380119 0
-2.52087 -0.382262 0
-2.52028 -0.384404 0
-2.51969 -0.386546 0
-2.5191 -0.388687 0
-2.5185 -0.390828 0
-2.5179 -0.392968 0
-2.5173 -0.395108 0
-2.51669 -0.397247 0
-2.51608 -0.399386 0
-2.51546 -0.401524 0
-2.51485 -0.403661 0
-2.51423 -0.405799 0
-2.5136 -0.407935 0
-2.51297 -0.410071 0
-2.51234 -0.412207 0
-2.51171 -0.414341 0
-2.51107 -0.416476 0
-2.51043 -0.41861 0
-2.50979 -0.420743 0
-2.50914 -0.422875 0
-2.50849 -0.425008 0
-2.50783 -0.427139 0
-2.50718 -0.42927 0
-2.50652 -0.4314 0
-2.50585 -0.43353 0
-2.50518 -0.43566 0
-2.50451 -0.437788 0
-2.50384 -0.439916 0
-2.50316 -0.442044 0
-2.50248 -0.444171 0
-2.5018 -0.446297 0
-2.50111 -0.448423 0
-2.50042 -0.450548 0
-2.49972 -0.452672 0
-2.49903 -0.454796 0
-2.49832 -0.456919 0
-2.49762 -0.459042 0
-2.49691 -0.461164 0
-2.4962 -0.463286 0
-2.49549 -0.465406 0
-2.49477 -0.467527 0
-2.49405 -0.469646 0
-2.49332 -0.471765 0
-2.4926 -0.473883 0
-2.49186 -0.476001 0
-2.49113 -0.478118 0
-2.49039 -0.480234 0
-2.48965 -0.48235 0
-2.48891 -0.484465 0
-2.48816 -0.48658 0
-2.48741 -0.488693 0
-2.48665 -0.490806 0
-2.48589 -0.492919 0
-2.48513 -0.495031 0
-2.48437 -0.497142 0
-2.4836 -0.499252 0
-2.48283 -0.501362 0
-2.48205 -0.503471 0
-2.48128 -0.505579 0
-2.48049 -0.507687 0
-2.47971 -0.509794 0
-2.47892 -0.511901 0
-2.47813 -0.514006 0
-2.47733 -0.516111 0
-2.47654 -0.518215 0
-2.47573 -0.520319 0
-2.47493 -0.522422 0
-2.47412 -0.524524 0
-2.47331 -0.526625 0
-2.47249 -0.528726 0
-2.47167 -0.530826 0
-2.47085 -0.532925 0
-2.47003 -0.535024 0
-2.4692 -0.537122 0
-2.46837 -0.539219 0
-2.46753 -0.541315 0
-2.46669 -0.543411 0
-2.46585 -0.545506 0
-2.46501 -0.5476 0
-2.46416 -0.549693 0
-2.4633 -0.551786 0
-2.46245 -0.553878 0
-2.46159 -0.555969 0
-2.46073 -0.558059 0
-2.45986 -0.560149 0
-2.45899 -0.562238 0
-2.45812 -0.564326 0
-2.45725 -0.566413 0
-2.45637 -0.568499 0
-2.45548 -0.570585 0
-2.4546 -0.57267 0
-2.45371 -0.574754 0
-2.45282 -0.576838 0
-2.45192 -0.57892 0
-2.45102 -0.581002 0
-2.45012 -0.583083 0
-2.44921 -0.585163 0
-2.4483 -0.587243 0
-2.44739 -0.589321 0
-2.44647 -0.591399 0
-2.44556 -0.593476 0
-2.44463 -0.595552 0
-2.44371 -0.597627 0
-2.44278 -0.599702 0
-2.44184 -0.601775 0
-2.44091 -0.603848 0
-2.43997 -0.60592 0
-2.43902 -0.607991 0
-2.43808 -0.610062 0
-2.43713 -0.612131 0
-2.43618 -0.6142 0
-2.43522 -0.616267 0
-2.43426 -0.618334 0
-2.4333 -0.6204 0
-2.43233 -0.622466 0
-2.43136 -0.62453 0
-2.43039 -0.626593 0
-2.42941 -0.628656 0
-2.42843 -0.630718 0
-2.42744 -0.632779 0
-2.42646 -0.634839 0
-2.42547 -0.636898 0
-2.42447 -0.638956 0
-2.42348 -0.641013 0
-2.42248 -0.643069 0
-2.42147 -0.645125 0
-2.42046 -0.64718 0
-2.41945 -0.649233 0
-2.41844 -0.651286 0
-2.41742 -0.653338 0
-2.4164 -0.655389 0
-2.41538 -0.657439 0
-2.41435 -0.659488 0
-2.41332 -0.661536 0
-2.41228 -0.663584 0
-2.41125 -0.66563 0
-2.41021 -0.667675 0
-2.40916 -0.66972 0
-2.40811 -0.671763 0
-2.40706 -0.673806 0
-2.40601 -0.675848 0
-2.40495 -0.677888 0
-2.40389 -0.679928 0
-2.40282 -0.681967 0
-2.40176 -0.684005 0
-2.40068 -0.686041 0
-2.39961 -0.688077 0
-2.39853 -0.690112 0
-2.39745 -0.692146 0
-2.39636 -0.694179 0
-2.39528 -0.696211 0
-2.39418 -0.698242 0
-2.39309 -0.700272 0
-2.39199 -0.702301 0
-2.39089 -0.704329 0
-2.38978 -0.706356 0
-2.38867 -0.708382 0
-2.38756 -0.710407 0
-2.38645 -0.712431 0
-2.38533 -0.714454 0
-2.3842 -0.716476 0
-2.38308 -0.718497 0
-2.38195 -0.720517 0
-2.38082 -0.722536 0
-2.37968 -0.724554 0
-2.37854 -0.726571 0
-2.3774 -0.728586 0
-2.37625 -0.730601 0
-2.3751 -0.732615 0
-2.37395 -0.734627 0
-2.37279 -0.736639 0
-2.37163 -0.73865 0
-2.37047 -0.740659 0
-2.3693 -0.742667 0
-2.36813 -0.744675 0
-2.36696 -0.746681 0
-2.36578 -0.748686 0
-2.3646 -0.750691 0
-2.36342 -0.752694 0
-2.36223 -0.754696 0
-2.36104 -0.756696 0
-2.35985 -0.758696 0
-2.35865 -0.760695 0
-2.35745 -0.762693 0
-2.35625 -0.764689 0
-2.35504 -0.766684 0
-2.35383 -0.768679 0
-2.35261 -0.770672 0
-2.3514 -0.772664 0
-2.35017 -0.774655 0
-2.34895 -0.776645 0
-2.34772 -0.778633 0
-2.34649 -0.780621 0
-2.34526 -0.782607 0
-2.34402 -0.784593 0
-2.34278 -0.786577 0
-2.34153 -0.78856 0
-2.34028 -0.790542 0
-2.33903 -0.792522 0
-2.33778 -0.794502 0
-2.33652 -0.79648 0
-2.33526 -0.798458 0
-2.33399 -0.800434 0
-2.33272 -0.802409 0
-2.33145 -0.804382 0
-2.33017 -0.806355 0
-2.32889 -0.808326 0
-2.32761 -0.810296 0
-2.32633 -0.812265 0
-2.32504 -0.814233 0
-2.32374 -0.8162 0
-2.32245 -0.818165 0
-2.32115 -0.820129 0
-2.31985 -0.822092 0
-2.31854 -0.824054 0
-2.31723 -0.826015 0
-2.31592 -0.827974 0
-2.3146 -0.829932 0
-2.31328 -0.831889 0
-2.31196 -0.833845 0
-2.31063 -0.835799 0
-2.3093 -0.837752 0
-2.30796 -0.839704 0
-2.30663 -0.841655 0
-2.30529 -0.843604 0
-2.30394 -0.845552 0
-2.3026 -0.847499 0
-2.30124 -0.849445 0
-2.29989 -0.851389 0
-2.29853 -0.853333 0
-2.29717 -0.855274 0
-2.29581 -0.857215 0
-2.29444 -0.859154 0
-2.29307 -0.861092 0
-2.29169 -0.863029 0
-2.29031 -0.864965 0
-2.28893 -0.866899 0
-2.28755 -0.868832 0
-2.28616 -0.870763 0
-2.28477 -0.872693 0
-2.28337 -0.874622 0
-2.28197 -0.87655 0
-2.28057 -0.878476 0
-2.27916 -0.880401 0
-2.27776 -0.882325 0
-2.27634 -0.884247 0
-2.27493 -0.886168 0
-2.27351 -0.888088 0
-2.27208 -0.890006 0
-2.27066 -0.891923 0
-2.26923 -0.893839 0
-2.2678 -0.895753 0
-2.26636 -0.897666 0
-2.26492 -0.899578 0
-2.26347 -0.901488 0
-2.26203 -0.903397 0
-2.26058 -0.905304 0
-2.25912 -0.90721 0
-2.25767 -0.909115 0
-2.25621 -0.911018 0
-2.25474 -0.91292 0
-2.25327 -0.91482 0
-2.2518 -0.91672 0
-2.25033 -0.918617 0
-2.24885 -0.920514 0
-2.24737 -0.922408 0
-2.24588 -0.924302 0
-2.2444 -0.926194 0
-2.2429 -0.928085 0
-2.24141 -0.929974 0
-2.23991 -0.931862 0
-2.23841 -0.933748 0
-2.2369 -0.935633 0
-2.23539 -0.937516 0
-2.23388 -0.939398 0
-2.23237 -0.941279 0
-2.23085 -0.943158 0
-2.22932 -0.945036 0
-2.2278 -0.946912 0
-2.22627 -0.948787 0
-2.22473 -0.95066 0
-2.2232 -0.952532 0
-2.22166 -0.954402 0
-2.22011 -0.956271 0
-2.21857 -0.958138 0
-2.21702 -0.960004 0
-2.21546 -0.961868 0
-2.21391 -0.963731 0
-2.21235 -0.965593 0
-2.21078 -0.967453 0
-2.20921 -0.969311 0
-2.20764 -0.971168 0
-2.20607 -0.973023 0
-2.20449 -0.974877 0
-2.20291 -0.976729 0
-2.20132 -0.97858 0
-2.19974 -0.980429 0
-2.19814 -0.982276 0
-2.19655 -0.984123 0
-2.19495 -0.985967 0
-2.19335 -0.98781 0
-2.19174 -0.989651 0
-2.19013 -0.991491 0
-2.18852 -0.99333 0
-2.1869 -0.995166 0
-2.18528 -0.997001 0
-2.18366 -0.998835 0
-2.18203 -1.00067 0
-2.1804 -1.0025 0
-2.17877 -1.00433 0
-2.17713 -1.00615 0
-2.17549 -1.00798 0
-2.17385 -1.0098 0
-2.1722 -1.01163 0
-2.17055 -1.01345 0
-2.1689 -1.01527 0
-2.16724 -1.01708 0
-2.16558 -1.0189 0
-2.16391 -1.02071 0
-2.16225 -1.02253 0
-2.16057 -1.02434 0
-2.1589 -1.02615 0
-2.15722 -1.02795 0
-2.15554 -1.02976 0
-2.15385 -1.03156 0
-2.15217 -1.03337 0
-2.15047 -1.03517 0
-2.14878 -1.03697 0
-2.14708 -1.03876 0
-2.14537 -1.04056 0
-2.14367 -1.04235 0
-2.14196 -1.04415 0
-2.14025 -1.04594 0
-2.13853 -1.04773 0
-2.13681 -1.04951 0
-2.13508 -1.0513 0
-2.13336 -1.05308 0
-2.13163 -1.05487 0
-2.12989 -1.05665 0
-2.12815 -1.05843 0
-2.12641 -1.0602 0
-2.12467 -1.06198 0
-2.12292 -1.06375 0
-2.12117 -1.06553 0
-2.11941 -1.0673 0
-2.11766 -1.06906 0
-2.11589 -1.07083 0
-2.11413 -1.0726 0
-2.11236 -1.07436 0
-2.11059 -1.07612 0
-2.10881 -1.07788 0
-2.10703 -1.07964 0
-2.10525 -1.08139 0
-2.10346 -1.08315 0
-2.10167 -1.0849 0
-2.09988 -1.08665 0
-2.09808 -1.0884 0
-2.09628 -1.09015 0
-2.09448 -1.09189 0
-2.09267 -1.09364 0
-2.09086 -1.09538 0
-2.08905 -1.09712 0
-2.08723 -1.09885 0
-2.08541 -1.10059 0
-2.08358 -1.10232 0
-2.08175 -1.10406 0
-2.07992 -1.10579 0
-2.07809 -1.10752 0
-2.07625 -1.10924 0
-2.0744 -1.11097 0
-2.07256 -1.11269 0
-2.07071 -1.11441 0
-2.06886 -1.11613 0
-2.067 -1.11785 0
-2.06514 -1.11956 0
-2.06328 -1.12128 0
-2.06141 -1.12299 0
-2.05954 -1.1247 0
-2.05767 -1.12641 0
-2.05579 -1.12811 0
-2.05391 -1.12982 0
-2.05202 -1.13152 0
-2.05014 -1.13322 0
-2.04824 -1.13492 0
-2.04635 -1.13661 0
-2.04445 -1.13831 0
-2.04255 -1.14 0
-2.04064 -1.14169 0
-2.03874 -1.14338 0
-2.03682 -1.14507 0
-2.03491 -1.14675 0
-2.03299 -1.14843 0
-2.03106 -1.15011 0
-2.02914 -1.15179 0
-2.02721 -1.15347 0
-2.02528 -1.15514 0
-2.02334 -1.15682 0
-2.0214 -1.15849 0
-2.01945 -1.16016 0
-2.01751 -1.16182 0
-2.01556 -1.16349 0
-2.0136 -1.16515 0
-2.01164 -1.16681 0
-2.00968 -1.16847 0
-2.00772 -1.17013 0
-2.00575 -1.17178 0
-2.00378 -1.17343 0
-2.0018 -1.17508 0
-1.99982 -1.17673 0
-1.99784 -1.17838 0
-1.99585 -1.18002 0
-1.99386 -1.18166 0
-1.99187 -1.1833 0
-1.98987 -1.18494 0
-1.98787 -1.18658 0
-1.98587 -1.18821 0
-1.98386 -1.18984 0
-1.98185 -1.19147 0
-1.97984 -1.1931 0
-1.97782 -1.19472 0
-1.9758 -1.19635 0
-1.97377 -1.19797 0
-1.97174 -1.19959 0
-1.96971 -1.2012 0
-1.96768 -1.20282 0
-1.96564 -1.20443 0
-1.9636 -1.20604 0
-1.96155 -1.20765 0
-1.9595 -1.20925 0
-1.95745 -1.21086 0
-1.95539 -1.21246 0
-1.95333 -1.21406 0
-1.95127 -1.21565 0
-1.9492 -1.21725 0
-1.94713 -1.21884 0
-1.94505 -1.22043 0
-1.94298 -1.22202 0
-1.9409 -1.22361 0
-1.93881 -1.22519 0
-1.93672 -1.22677 0
-1.93463 -1.22835 0
-1.93254 -1.22993 0
-1.93044 -1.2315 0
-1.92833 -1.23308 0
-1.92623 -1.23465 0
-1.92412 -1.23621 0
-1.92201 -1.23778 0
-1.91989 -1.23934 0
-1.91777 -1.24091 0
-1.91564 -1.24246 0
-1.91352 -1.24402 0
-1.91139 -1.24558 0
-1.90925 -1.24713 0
-1.90711 -1.24868 0
-1.90497 -1.25022 0
-1.90283 -1.25177 0
-1.90068 -1.25331 0
-1.89853 -1.25485 0
-1.89637 -1.25639 0
-1.89421 -1.25793 0
-1.89205 -1.25946 0
-1.88988 -1.26099 0
-1.88772 -1.26252 0
-1.88554 -1.26405 0
-1.88337 -1.26557 0
-1.88118 -1.26709 0
-1.879 -1.26861 0
-1.87681 -1.27013 0
-1.87462 -1.27164 0
-1.87243 -1.27315 0
-1.87023 -1.27466 0
-1.86803 -1.27617 0
-1.86582 -1.27768 0
-1.86362 -1.27918 0
-1.8614 -1.28068 0
-1.85919 -1.28217 0
-1.85697 -1.28367 0
-1.85475 -1.28516 0
-1.85252 -1.28665 0
-1.85029 -1.28814 0
-1.84806 -1.28963 0
-1.84582 -1.29111 0
-1.84358 -1.29259 0
-1.84133 -1.29407 0
-1.83909 -1.29554 0
-1.83683 -1.29701 0
-1.83458 -1.29848 0
-1.83232 -1.29995 0
-1.83006 -1.30142 0
-1.82779 -1.30288 0
-1.82553 -1.30434 0
-1.82325 -1.3058 0
-1.82098 -1.30725 0
-1.8187 -1.3087 0
-1.81641 -1.31015 0
-1.81413 -1.3116 0
-1.81184 -1.31305 0
-1.80954 -1.31449 0
-1.80725 -1.31593 0
-1.80494 -1.31737 0
-1.80264 -1.3188 0
-1.80033 -1.32023 0
-1.79802 -1.32166 0
-1.79571 -1.32309 0
-1.79339 -1.32451 0
-1.79106 -1.32593 0
-1.78874 -1.32735 0
-1.78641 -1.32877 0
-1.78408 -1.33018 0
-1.78174 -1.33159 0
-1.7794 -1.333 0
-1.77706 -1.33441 0
-1.77471 -1.33581 0
-1.77236 -1.33721 0
-1.77 -1.33861 0
-1.76765 -1.34 0
-1.76529 -1.34139 0
-1.76292 -1.34278 0
-1.76055 -1.34417 0
-1.75818 -1.34555 0
-1.7558 -1.34693 0
-1.75342 -1.34831 0
-1.75104 -1.34969 0
-1.74866 -1.35106 0
-1.74627 -1.35243 0
-1.74387 -1.3538 0
-1.74148 -1.35516 0
-1.73907 -1.35653 0
-1.73667 -1.35789 0
-1.73426 -1.35924 0
-1.73185 -1.3606 0
-1.72944 -1.36195 0
-1.72702 -1.36329 0
-1.7246 -1.36464 0
-1.72217 -1.36598 0
-1.71974 -1.36732 0
-1.71731 -1.36866 0
-1.71487 -1.36999 0
-1.71243 -1.37132 0
-1.70999 -1.37265 0
-1.70754 -1.37398 0
-1.70509 -1.3753 0
-1.70264 -1.37662 0
-1.70018 -1.37794 0
-1.69772 -1.37925 0
-1.69526 -1.38056 0
-1.69279 -1.38187 0
-1.69032 -1.38317 0
-1.68784 -1.38448 0
-1.68536 -1.38577 0
-1.68288 -1.38707 0
-1.68039 -1.38836 0
-1.6779 -1.38966 0
-1.67541 -1.39094 0
-1.67291 -1.39223 0
-1.67041 -1.39351 0
-1.66791 -1.39479 0
-1.6654 -1.39606 0
-1.66289 -1.39734 0
-1.66038 -1.39861 0
-1.65786 -1.39987 0
-1.65534 -1.40114 0
-1.65281 -1.4024 0
-1.65028 -1.40365 0
-1.64775 -1.40491 0
-1.64521 -1.40616 0
-1.64267 -1.40741 0
-1.64013 -1.40865 0
-1.63758 -1.4099 0
-1.63503 -1.41114 0
-1.63248 -1.41237 0
-1.62992 -1.4136 0
-1.62736 -1.41483 0
-1.6248 -1.41606 0
-1.62223 -1.41729 0
-1.61966 -1.41851 0
-1.61708 -1.41972 0
-1.6145 -1.42094 0
-1.61192 -1.42215 0
-1.60934 -1.42336 0
-1.60675 -1.42456 0
-1.60415 -1.42576 0
-1.60156 -1.42696 0
-1.59896 -1.42816 0
-1.59635 -1.42935 0
-1.59375 -1.43054 0
-1.59113 -1.43173 0
-1.58852 -1.43291 0
-1.5859 -1.43409 0
-1.58328 -1.43526 0
-1.58066 -1.43644 0
-1.57803 -1.43761 0
-1.57539 -1.43877 0
-1.57276 -1.43994 0
-1.57012 -1.4411 0
-1.56748 -1.44225 0
-1.56483 -1.44341 0
-1.56218 -1.44456 0
-1.55953 -1.4457 0
-1.55687 -1.44685 0
-1.55421 -1.44799 0
-1.55154 -1.44912 0
-1.54888 -1.45026 0
-1.5462 -1.45139 0
-1.54353 -1.45252 0
-1.54085 -1.45364 0
-1.53817 -1.45476 0
-1.53548 -1.45588 0
-1.53279 -1.45699 0
-1.5301 -1.4581 0
-1.52741 -1.45921 0
-1.52471 -1.46031 0
-1.522 -1.46141 0
-1.51929 -1.46251 0
-1.51658 -1.4636 0
-1.51387 -1.46469 0
-1.51115 -1.46578 0
-1.50843 -1.46686 0
-1.50571 -1.46794 0
-1.50298 -1.46901 0
-1.50025 -1.47009 0
-1.49751 -1.47115 0
-1.49477 -1.47222 0
-1.49203 -1.47328 0
-1.48928 -1.47434 0
-1.48653 -1.4754 0
-1.48378 -1.47645 0
-1.48102 -1.47749 0
-1.47826 -1.47854 0
-1.4755 -1.47958 0
-1.47273 -1.48062 0
-1.46996 -1.48165 0
-1.46719 -1.48268 0
-1.46441 -1.48371 0
-1.46163 -1.48473 0
-1.45884 -1.48575 0
-1.45605 -1.48676 0
-1.45326 -1.48778 0
-1.45046 -1.48878 0
-1.44766 -1.48979 0
-1.44486 -1.49079 0
-1.44205 -1.49179 0
-1.43924 -1.49278 0
-1.43643 -1.49377 0
-1.43361 -1.49476 0
-1.43079 -1.49574 0
-1.42797 -1.49672 0
-1.42514 -1.49769 0
-1.42231 -1.49866 0
-1.41947 -1.49963 0
-1.41664 -1.5006 0
-1.41379 -1.50156 0
-1.41095 -1.50251 0
-1.4081 -1.50347 0
-1.40525 -1.50441 0
-1.40239 -1.50536 0
-1.39953 -1.5063 0
-1.39667 -1.50724 0
-1.3938 -1.50817 0
-1.39093 -1.5091 0
-1.38806 -1.51003 0
-1.38518 -1.51095 0
-1.3823 -1.51187 0
-1.37941 -1.51278 0
-1.37653 -1.51369 0
-1.37363 -1.5146 0
-1.37074 -1.5155 0
-1.36784 -1.5164 0
-1.36494 -1.5173 0
-1.36203 -1.51819 0
-1.35912 -1.51908 0
-1.35621 -1.51996 0
-1.3533 -1.52084 0
-1.35038 -1.52171 0
-1.34745 -1.52258 0
-1.34453 -1.52345 0
-1.3416 -1.52432 0
-1.33866 -1.52518 0
-1.33572 -1.52603 0
-1.33278 -1.52688 0
-1.32984 -1.52773 0
-1.32689 -1.52857 0
-1.32394 -1.52941 0
-1.32098 -1.53025 0
-1.31803 -1.53108 0
-1.31506 -1.5319 0
-1.3121 -1.53273 0
-1.30913 -1.53355 0
-1.30616 -1.53436 0
-1.30318 -1.53517 0
-1.3002 -1.53598 0
-1.29722 -1.53678 0
-1.29423 -1.53758 0
-1.29124 -1.53837 0
-1.28825 -1.53916 0
-1.28525 -1.53995 0
-1.28225 -1.54073 0
-1.27925 -1.54151 0
-1.27624 -1.54228 0
-1.27323 -1.54305 0
-1.27021 -1.54381 0
-1.2672 -1.54457 0
-1.26418 -1.54533 0
-1.26115 -1.54608 0
-1.25812 -1.54683 0
-1.25509 -1.54757 0
-1.25205 -1.54831 0
-1.24902 -1.54905 0
-1.24597 -1.54978 0
-1.24293 -1.5505 0
-1.23988 -1.55122 0
-1.23683 -1.55194 0
-1.23377 -1.55265 0
-1.23071 -1.55336 0
-1.22765 -1.55407 0
-1.22458 -1.55477 0
-1.22151 -1.55546 0
-1.21844 -1.55615 0
-1.21536 -1.55684 0
-1.21228 -1.55752 0
-1.20919 -1.5582 0
-1.20611 -1.55887 0
-1.20302 -1.55954 0
-1.19992 -1.56021 0
-1.19682 -1.56087 0
-1.19372 -1.56152 0
-1.19062 -1.56217 0
-1.18751 -1.56282 0
-1.1844 -1.56346 0
-1.18128 -1.5641 0
-1.17816 -1.56473 0
-1.17504 -1.56536 0
-1.17192 -1.56598 0
-1.16879 -1.5666 0
-1.16565 -1.56721 0
-1.16252 -1.56782 0
-1.15938 -1.56843 0
-1.15624 -1.56903 0
-1.15309 -1.56962 0
-1.14994 -1.57021 0
-1.14679 -1.5708 0
-1.14363 -1.57138 0
-1.14047 -1.57196 0
-1.13731 -1.57253 0
-1.13414 -1.5731 0
-1.13097 -1.57366 0
-1.1278 -1.57422 0
-1.12462 -1.57477 0
-1.12144 -1.57532 0
-1.11826 -1.57586 0
-1.11507 -1.5764 0
-1.11188 -1.57694 0
-1.10869 -1.57747 0
-1.10549 -1.57799 0
-1.10229 -1.57851 0
-1.09908 -1.57903 0
-1.09588 -1.57954 0
-1.09267 -1.58004 0
-1.08945 -1.58054 0
-1.08623 -1.58104 0
-1.08301 -1.58153 0
-1.07979 -1.58201 0
-1.07656 -1.58249 0
-1.07333 -1.58297 0
-1.0701 -1.58344 0
-1.06686 -1.5839 0
-1.06362 -1.58436 0
-1.06037 -1.58482 0
-1.05712 -1.58527 0
-1.05387 -1.58571 0
-1.05062 -1.58615 0
-1.04736 -1.58659 0
-1.0441 -1.58702 0
-1.04083 -1.58744 0
-1.03757 -1.58786 0
-1.03429 -1.58828 0
-1.03102 -1.58869 0
-1.02774 -1.58909 0
-1.02446 -1.58949 0
-1.02117 -1.58989 0
-1.01789 -1.59028 0
-1.0146 -1.59066 0
-1.0113 -1.59104 0
-1.008 -1.59141 0
-1.0047 -1.59178 0
-1.0014 -1.59214 0
-0.998088 -1.5925 0
-0.994777 -1.59285 0
-0.991463 -1.5932 0
-0.988145 -1.59354 0
-0.984824 -1.59388 0
-0.981499 -1.59421 0
-0.978171 -1.59454 0
-0.97484 -1.59486 0
-0.971506 -1.59517 0
-0.968168 -1.59548 0
-0.964828 -1.59579 0
-0.961484 -1.59608 0
-0.958136 -1.59638 0
-0.954785 -1.59667 0
-0.951432 -1.59695 0
-0.948074 -1.59723 0
-0.944714 -1.5975 0
-0.94135 -1.59776 0
-0.937983 -1.59802 0
-0.934613 -1.59828 0
-0.93124 -1.59853 0
-0.927863 -1.59877 0
-0.924484 -1.59901 0
-0.921101 -1.59925 0
-0.917714 -1.59947 0
-0.914325 -1.59969 0
-0.910932 -1.59991 0
-0.907536 -1.60012 0
-0.904137 -1.60033 0
-0.900735 -1.60053 0
-0.897329 -1.60072 0
-0.893921 -1.60091 0
-0.890509 -1.60109 0
-0.887094 -1.60127 0
-0.883675 -1.60144 0
-0.880254 -1.6016 0
-0.876829 -1.60176 0
-0.873402 -1.60191 0
-0.869971 -1.60206 0
-0.866537 -1.6022 0
-0.8631 -1.60234 0
-0.859659 -1.60247 0
-0.856216 -1.60259 0
-0.852769 -1.60271 0
-0.849319 -1.60283 0
-0.845866 -1.60293 0
-0.84241 -1.60303 0
-0.838951 -1.60313 0
-0.835489 -1.60322 0
-0.832024 -1.6033 0
-0.828555 -1.60338 0
-0.825084 -1.60345 0
-0.821609 -1.60351 0
-0.818131 -1.60357 0
-0.814651 -1.60362 0
-0.811167 -1.60367 0
-0.80768 -1.60371 0
-0.80419 -1.60375 0
-0.800697 -1.60378 0
-0.797201 -1.6038 0
-0.793701 -1.60381 0
-0.790199 -1.60382 0
-0.786694 -1.60383 0
-0.783186 -1.60383 0
-0.779674 -1.60382 0
-0.77616 -1.6038 0
-0.772643 -1.60378 0
-0.769122 -1.60376 0
-0.765599 -1.60372 0
-0.762073 -1.60368 0
-0.758543 -1.60364 0
-0.755011 -1.60358 0
-0.751476 -1.60353 0
-0.747937 -1.60346 0
-0.744396 -1.60339 0
-0.740852 -1.60331 0
-0.737305 -1.60323 0
-0.733755 -1.60314 0
-0.730202 -1.60304 0
-0.726646 -1.60294 0
-0.723087 -1.60283 0
-0.719525 -1.60271 0
-0.71596 -1.60259 0
-0.712392 -1.60246 0
-0.708822 -1.60232 0
-0.705248 -1.60218 0
-0.701672 -1.60203 0
-0.698093 -1.60188 0
-0.694511 -1.60172 0
-0.690926 -1.60155 0
-0.687338 -1.60137 0
-0.683747 -1.60119 0
-0.680154 -1.601 0
-0.676557 -1.60081 0
-0.672958 -1.6006 0
-0.669356 -1.60039 0
-0.665751 -1.60018 0
-0.662144 -1.59996 0
-0.658533 -1.59973 0
-0.65492 -1.59949 0
-0.651304 -1.59925 0
-0.647685 -1.599 0
-0.644064 -1.59874 0
-0.640439 -1.59848 0
-0.636812 -1.59821 0
-0.633182 -1.59793 0
-0.62955 -1.59765 0
-0.625914 -1.59736 0
-0.622276 -1.59706 0
-0.618635 -1.59676 0
-0.614992 -1.59645 0
-0.611346 -1.59613 0
-0.607697 -1.5958 0
-0.604045 -1.59547 0
-0.600391 -1.59513 0
-0.596734 -1.59478 0
-0.593075 -1.59443 0
-0.589413 -1.59407 0
-0.585748 -1.5937 0
-0.58208 -1.59332 0
-0.57841 -1.59294 0
-0.574738 -1.59255 0
-0.571062 -1.59216 0
-0.567384 -1.59175 0
-0.563704 -1.59134 0
-0.560021 -1.59092 0
-0.556335 -1.5905 0
-0.552647 -1.59006 0
-0.548957 -1.58962 0
-0.545263 -1.58917 0
-0.541568 -1.58872 0
-0.537869 -1.58826 0
-0.534169 -1.58779 0
-0.530465 -1.58731 0
-0.526759 -1.58682 0
-0.523051 -1.58633 0
-0.519341 -1.58583 0
-0.515627 -1.58532 0
-0.511912 -1.58481 0
-0.508194 -1.58429 0
-0.504473 -1.58376 0
-0.50075 -1.58322 0
-0.497025 -1.58267 0
-0.493297 -1.58212 0
-0.489567 -1.58156 0
-0.485835 -1.58099 0
-0.4821 -1.58042 0
-0.478363 -1.57983 0
-0.474624 -1.57924 0
-0.470882 -1.57864 0
-0.467138 -1.57804 0
-0.463391 -1.57742 0
-0.459643 -1.5768 0
-0.455892 -1.57617 0
-0.452138 -1.57553 0
-0.448383 -1.57489 0
-0.444625 -1.57423 0
-0.440865 -1.57357 0
-0.437103 -1.5729 0
-0.433339 -1.57223 0
-0.429572 -1.57154 0
-0.425803 -1.57085 0
-0.422032 -1.57015 0
-0.418259 -1.56944 0
-0.414484 -1.56872 0
-0.410706 -1.56799 0
-0.406927 -1.56726 0
-0.403145 -1.56652 0
-0.399362 -1.56577 0
-0.395576 -1.56501 0
-0.391788 -1.56425 0
-0.387998 -1.56347 0
-0.384206 -1.56269 0
-0.380412 -1.5619 0
-0.376616 -1.5611 0
-0.372818 -1.56029 0
-0.369018 -1.55948 0
-0.365216 -1.55865 0
-0.361412 -1.55782 0
-0.357607 -1.55698 0
-0.353799 -1.55613 0
-0.349989 -1.55527 0
-0.346178 -1.55441 0
-0.342364 -1.55353 0
-0.338549 -1.55265 0
-0.334732 -1.55176 0
-0.330913 -1.55086 0
-0.327092 -1.54995 0
-0.323269 -1.54903 0
-0.319445 -1.54811 0
-0.315619 -1.54717 0
-0.311791 -1.54623 0
-0.307961 -1.54528 0
-0.304129 -1.54432 0
-0.300296 -1.54335 0
-0.296461 -1.54237 0
-0.292625 -1.54139 0
-0.288787 -1.54039 0
-0.284947 -1.53939 0
-0.281105 -1.53837 0
-0.277262 -1.53735 0
-0.273418 -1.53632 0
-0.269571 -1.53528 0
-0.265723 -1.53424 0
-0.261874 -1.53318 0
-0.258023 -1.53211 0
-0.254171 -1.53104 0
-0.250317 -1.52995 0
-0.246461 -1.52886 0
-0.242605 -1.52776 0
-0.238746 -1.52665 0
-0.234887 -1.52553 0
-0.231025 -1.5244 0
-0.227163 -1.52326 0
-0.223299 -1.52211 0
-0.219434 -1.52095 0
-0.215567 -1.51979 0
-0.211699 -1.51861 0
-0.20783 -1.51743 0
-0.20396 -1.51624 0
-0.200088 -1.51503 0
-0.196215 -1.51382 0
-0.192341 -1.5126 0
-0.188466 -1.51137 0
-0.184589 -1.51013 0
-0.180712 -1.50888 0
-0.176833 -1.50762 0
-0.172953 -1.50635 0
-0.169072 -1.50507 0
-0.16519 -1.50378 0
-0.161307 -1.50248 0
-0.157423 -1.50118 0
-0.153538 -1.49986 0
-0.149652 -1.49853 0
-0.145765 -1.4972 0
-0.141877 -1.49585 0
-0.137988 -1.4945 0
-0.134098 -1.49313 0
-0.130207 -1.49176 0
-0.126316 -1.49037 0
-0.122423 -1.48898 0
-0.11853 -1.48758 0
-0.114636 -1.48616 0
-0.110742 -1.48474 0
-0.106846 -1.4833 0
-0.10295 -1.48186 0
-0.0990531 -1.48041 0
-0.0951555 -1.47894 0
-0.0912574 -1.47747 0
-0.0873586 -1.47599 0
-0.0834592 -1.47449 0
-0.0795592 -1.47299 0
-0.0756587 -1.47148 0
-0.0717577 -1.46995 0
-0.0678562 -1.46842 0
-0.0639542 -1.46688 0
-0.0600518 -1.46532 0
-0.056149 -1.46376 0
-0.0522457 -1.46218 0
-0.0483421 -1.4606 0
-0.0444382 -1.459 0
-0.0405339 -1.4574 0
-0.0366294 -1.45578 0
-0.0327246 -1.45416 0
-0.0288195 -1.45252 0
-0.0249143 -1.45087 0
-0.0210089 -1.44922 0
-0.0171033 -1.44755 0
-0.0131976 -1.44587 0
-0.00929182 -1.44418 0
-0.00538595 -1.44248 0
-0.00148005 -1.44077 0
0.00242586 -1.43905 0
0.00633176 -1.43732 0
0.0102376 -1.43558 0
0.0141434 -1.43383 0
0.018049 -1.43206 0
0.0219546 -1.43029 0
0.0258599 -1.4285 0
0.0297651 -1.42671 0
0.0336701 -1.4249 0
0.0375747 -1.42309 0
0.0414792 -1.42126 0
0.0453832 -1.41942 0
0.049287 -1.41757 0
0.0531903 -1.41571 0
0.0570933 -1.41384 0
0.0609958 -1.41196 0
0.0648978 -1.41006 0
0.0687994 -1.40816 0
0.0727003 -1.40624 0
0.0766008 -1.40432 0
0.0805006 -1.40238 0
0.0843997 -1.40043 0
0.0882982 -1.39847 0
0.092196 -1.3965 0
0.0960931 -1.39452 0
0.0999894 -1.39253 0
0.103885 -1.39052 0
0.107779 -1.38851 0
0.111673 -1.38648 0
0.115566 -1.38444 0
0.119458 -1.38239 0
0.123349 -1.38033 0
0.127239 -1.37826 0
0.131128 -1.37617 0
0.135015 -1.37408 0
0.138902 -1.37197 0
0.142787 -1.36985 0
0.146672 -1.36772 0
0.150555 -1.36558 0
0.154437 -1.36343 0
0.158317 -1.36126 0
0.162196 -1.35909 0
0.166074 -1.3569 0
0.16995 -1.3547 0
0.173825 -1.35249 0
0.177698 -1.35027 0
0.18157 -1.34803 0
0.18544 -1.34578 0
0.189309 -1.34353 0
0.193175 -1.34126 0
0.197041 -1.33897 0
0.200904 -1.33668 0
0.204766 -1.33438 0
0.208625 -1.33206 0
0.212483 -1.32973 0
0.216339 -1.32739 0
0.220193 -1.32503 0
0.224046 -1.32267 0
0.227896 -1.32029 0
0.231744 -1.3179 0
0.235589 -1.3155 0
0.239433 -1.31309 0
0.243274 -1.31066 0
0.247114 -1.30822 0
0.250951 -1.30577 0
0.254785 -1.30331 0
0.258617 -1.30083 0
0.262447 -1.29835 0
0.266274 -1.29585 0
0.270099 -1.29334 0
0.273921 -1.29081 0
0.277741 -1.28828 0
0.281557 -1.28573 0
0.285372 -1.28317 0
0.289183 -1.28059 0
0.292991 -1.27801 0
0.296797 -1.27541 0
0.3006 -1.2728 0
0.3044 -1.27018 0
0.308197 -1.26754 0
0.311991 -1.26489 0
0.315781 -1.26223 0
0.319569 -1.25956 0
0.323353 -1.25687 0
0.327134 -1.25417 0
0.330912 -1.25146 0
0.334687 -1.24874 0
0.338458 -1.246 0
0.342225 -1.24325 0
0.345989 -1.24049 0
0.34975 -1.23772 0
0.353507 -1.23493 0
0.35726 -1.23213 0
0.36101 -1.22931 0
0.364755 -1.22649 0
0.368497 -1.22365 0
0.372235 -1.2208 0
0.375969 -1.21793 0
0.3797 -1.21505 0
0.383426 -1.21216 0
0.387148 -1.20926 0
0.390866 -1.20634 0
0.394579 -1.20341 0
0.398289 -1.20047 0
0.401994 -1.19752 0
0.405694 -1.19455 0
0.40939 -1.19157 0
0.413082 -1.18857 0
0.416769 -1.18556 0
0.420452 -1.18254 0
0.42413 -1.17951 0
0.427803 -1.17646 0
0.431471 -1.1734 0
0.435135 -1.17033 0
0.438793 -1.16724 0
0.442447 -1.16414 0
0.446096 -1.16103 0
0.449739 -1.1579 0
0.453377 -1.15476 0
0.457011 -1.15161 0
0.460638 -1.14844 0
0.464261 -1.14526 0
0.467878 -1.14207 0
0.47149 -1.13886 0
0.475096 -1.13564 0
0.478696 -1.13241 0
0.482291 -1.12916 0
0.48588 -1.1259 0
0.489464 -1.12263 0
0.493041 -1.11934 0
0.496613 -1.11604 0
0.500178 -1.11273 0
0.503738 -1.1094 0
0.507291 -1.10606 0
0.510838 -1.1027 0
0.514379 -1.09934 0
0.517914 -1.09595 0
0.521442 -1.09256 0
0.524964 -1.08915 0
0.528479 -1.08573 0
0.531988 -1.08229 0
0.53549 -1.07884 0
0.538985 -1.07538 0
0.542474 -1.07191 0
0.545955 -1.06842 0
0.54943 -1.06491 0
0.552898 -1.0614 0
0.556358 -1.05787 0
0.559812 -1.05432 0
0.563258 -1.05076 0
0.566697 -1.04719 0
0.570128 -1.04361 0
0.573552 -1.04001 0
0.576969 -1.0364 0
0.580378 -1.03277 0
0.583779 -1.02913 0
0.587172 -1.02548 0
0.590558 -1.02181 0
0.593936 -1.01813 0
0.597306 -1.01444 0
0.600667 -1.01073 0
0.604021 -1.00701 0
0.607367 -1.00327 0
0.610704 -0.999525 0
0.614033 -0.995762 0
0.617353 -0.991986 0
0.620665 -0.988197 0
0.623968 -0.984393 0
0.627263 -0.980576 0
0.630549 -0.976745 0
0.633826 -0.972901 0
0.637094 -0.969043 0
0.640354 -0.965171 0
0.643604 -0.961286 0
0.646845 -0.957387 0
0.650077 -0.953474 0
0.653299 -0.949548 0
0.656512 -0.945608 0
0.659716 -0.941655 0
0.66291 -0.937688 0
0.666095 -0.933707 0
0.66927 -0.929713 0
0.672435 -0.925705 0
0.67559 -0.921683 0
0.678735 -0.917648 0
0.681871 -0.9136 0
0.684996 -0.909538 0
0.688111 -0.905462 0
0.691216 -0.901373 0
0.69431 -0.89727 0
0.697394 -0.893154 0
0.700467 -0.889024 0
0.70353 -0.884881 0
0.706582 -0.880724 0
0.709623 -0.876554 0
0.712653 -0.872371 0
0.715673 -0.868174 0
0.718681 -0.863964 0
0.721679 -0.85974 0
0.724665 -0.855503 0
0.727639 -0.851253 0
0.730603 -0.846989 0
0.733555 -0.842712 0
0.736495 -0.838422 0
0.739424 -0.834118 0
0.742341 -0.829802 0
0.745246 -0.825472 0
0.748139 -0.821129 0
0.75102 -0.816772 0
0.753889 -0.812403 0
0.756746 -0.80802 0
0.759591 -0.803625 0
0.762424 -0.799216 0
0.765244 -0.794794 0
0.768051 -0.79036 0
0.770846 -0.785912 0
0.773628 -0.781451 0
0.776398 -0.776978 0
0.779154 -0.772491 0
0.781898 -0.767992 0
0.784628 -0.76348 0
0.787345 -0.758955 0
0.79005 -0.754417 0
0.79274 -0.749867 0
0.795418 -0.745304 0
0.798082 -0.740728 0
0.800732 -0.73614 0
0.803369 -0.731539 0
0.805992 -0.726926 0
0.808601 -0.7223 0
0.811196 -0.717662 0
0.813777 -0.713011 0
0.816344 -0.708348 0
0.818897 -0.703673 0
0.821435 -0.698985 0
0.823959 -0.694285 0
0.826469 -0.689573 0
0.828964 -0.684849 0
0.831444 -0.680112 0
0.83391 -0.675364 0
0.836361 -0.670603 0
0.838797 -0.665831 0
0.841218 -0.661047 0
0.843624 -0.656251 0
0.846014 -0.651443 0
0.84839 -0.646623 0
0.85075 -0.641791 0
0.853094 -0.636948 0
0.855423 -0.632094 0
0.857737 -0.627227 0
0.860035 -0.62235 0
0.862317 -0.617461 0
0.864583 -0.61256 0
0.866833 -0.607648 0
0.869067 -0.602725 0
0.871285 -0.597791 0
0.873486 -0.592846 0
0.875672 -0.587889 0
0.877841 -0.582922 0
0.879993 -0.577943 0
0.882129 -0.572954 0
0.884248 -0.567954 0
0.886351 -0.562943 0
0.888437 -0.557921 0
0.890505 -0.552889 0
0.892557 -0.547846 0
0.894592 -0.542793 0
0.89661 -0.53773 0
0.89861 -0.532656 0
0.900593 -0.527571 0
0.902558 -0.522477 0
0.904507 -0.517372 0
0.906437 -0.512258 0
0.90835 -0.507133 0
0.910245 -0.501999 0
0.912123 -0.496855 0
0.913982 -0.491701 0
0.915824 -0.486537 0
0.917647 -0.481364 0
0.919453 -0.476181 0
0.92124 -0.470989 0
0.923009 -0.465787 0
0.924759 -0.460576 0
0.926492 -0.455356 0
0.928205 -0.450127 0
0.9299 -0.444889 0
0.931577 -0.439642 0
0.933234 -0.434387 0
0.934873 -0.429122 0
0.936493 -0.423849 0
0.938094 -0.418567 0
0.939677 -0.413277 0
0.94124 -0.407978 0
0.942783 -0.402671 0
0.944308 -0.397356 0
0.945813 -0.392032 0
0.947299 -0.386701 0
0.948766 -0.381362 0
0.950213 -0.376015 0
0.95164 -0.37066 0
0.953048 -0.365297 0
0.954436 -0.359927 0
0.955805 -0.35455 0
0.957153 -0.349165 0
0.958482 -0.343773 0
0.959791 -0.338374 0
0.961079 -0.332967 0
0.962348 -0.327554 0
0.963597 -0.322134 0
0.964825 -0.316707 0
0.966033 -0.311274 0
0.967221 -0.305834 0
0.968388 -0.300387 0
0.969535 -0.294934 0
0.970662 -0.289475 0
0.971768 -0.28401 0
0.972853 -0.278539 0
0.973918 -0.273062 0
0.974963 -0.267579 0
0.975986 -0.26209 0
0.976989 -0.256596 0
0.97797 -0.251097 0
0.978931 -0.245592 0
0.979871 -0.240081 0
0.980791 -0.234566 0
0.981689 -0.229046 0
0.982566 -0.22352 0
0.983422 -0.21799 0
0.984256 -0.212455 0
0.98507 -0.206916 0
0.985862 -0.201372 0
0.986633 -0.195824 0
0.987383 -0.190272 0
0.988112 -0.184715 0
0.988819 -0.179155 0
0.989505 -0.17359 0
0.990169 -0.168022 0
0.990812 -0.16245 0
0.991433 -0.156875 0
0.992033 -0.151296 0
0.992611 -0.145714 0
0.993167 -0.140129 0
0.993702 -0.134541 0
0.994216 -0.12895 0
0.994707 -0.123356 0
0.995177 -0.117759 0
0.995625 -0.11216 0
0.996052 -0.106558 0
0.996457 -0.100954 0
0.996839 -0.0953482 0
0.9972 -0.0897399 0
0.99754 -0.0841297 0
0.997857 -0.0785176 0
0.998153 -0.0729037 0
0.998426 -0.0672883 0
0.998678 -0.0616714 0
0.998908 -0.0560532 0
0.999116 -0.0504337 0
0.999302 -0.0448131 0
0.999466 -0.0391915 0
0.999608 -0.0335691 0
0.999728 -0.0279459 0
0.999827 -0.0223221 0
0.999903 -0.0166979 0
0.999957 -0.0110732 0
0.99999 -0.00544835 0
1 0.000176656 0
