1 0 0
0.999824 0.0225 0
0.999297 0.0449921 0
0.998419 0.0674684 0
0.997191 0.089921 0
0.995613 0.112342 0
0.993687 0.134724 0
0.991415 0.157059 0
0.988799 0.179339 0
0.98584 0.201557 0
0.982541 0.223706 0
0.978904 0.245778 0
0.974932 0.267765 0
0.970629 0.289662 0
0.965998 0.311461 0
0.961042 0.333155 0
0.955764 0.354737 0
0.95017 0.376202 0
0.944263 0.397543 0
0.938047 0.418754 0
0.931527 0.439829 0
0.924707 0.460763 0
0.917593 0.48155 0
0.910189 0.502185 0
0.9025 0.522662 0
0.894531 0.542978 0
0.886288 0.563127 0
0.877776 0.583105 0
0.869 0.602908 0
0.859966 0.622532 0
0.850679 0.641972 0
0.841146 0.661227 0
0.831371 0.680291 0
0.82136 0.699163 0
0.811119 0.717839 0
0.800654 0.736316 0
0.78997 0.754592 0
0.779073 0.772665 0
0.767969 0.790532 0
0.756663 0.808191 0
0.745161 0.825641 0
0.733469 0.842881 0
0.721592 0.859907 0
0.709536 0.87672 0
0.697305 0.893318 0
0.684907 0.909701 0
0.672345 0.925867 0
0.659626 0.941815 0
0.646754 0.957546 0
0.633735 0.973059 0
0.620573 0.988353 0
0.607275 1.00343 0
0.593844 1.01829 0
0.580285 1.03292 0
0.566604 1.04734 0
0.552805 1.06155 0
0.538893 1.07553 0
0.524872 1.0893 0
0.510747 1.10285 0
0.496521 1.11618 0
0.4822 1.1293 0
0.467787 1.14221 0
0.453287 1.1549 0
0.438704 1.16738 0
0.424041 1.17965 0
0.409302 1.1917 0
0.394491 1.20355 0
0.379612 1.21519 0
0.364669 1.22662 0
0.349664 1.23785 0
0.334602 1.24887 0
0.319485 1.25969 0
0.304317 1.27031 0
0.289101 1.28072 0
0.27384 1.29094 0
0.258537 1.30096 0
0.243196 1.31078 0
0.227818 1.32041 0
0.212407 1.32985 0
0.196965 1.3391 0
0.181496 1.34815 0
0.166001 1.35702 0
0.150483 1.3657 0
0.134945 1.3742 0
0.119389 1.38251 0
0.103818 1.39064 0
0.0882324 1.39859 0
0.0726359 1.40636 0
0.0570303 1.41396 0
0.0414176 1.42138 0
0.0257999 1.42862 0
0.0101791 1.43569 0
-0.00544292 1.4426 0
-0.0210643 1.44933 0
-0.0366832 1.4559 0
-0.052298 1.4623 0
-0.0679069 1.46853 0
-0.0835083 1.47461 0
-0.0991005 1.48052 0
-0.114682 1.48628 0
-0.130251 1.49187 0
-0.145807 1.49731 0
-0.161348 1.5026 0
-0.176872 1.50773 0
-0.192379 1.51271 0
-0.207866 1.51754 0
-0.223333 1.52223 0
-0.238779 1.52676 0
-0.254202 1.53115 0
-0.2696 1.5354 0
-0.284974 1.5395 0
-0.300322 1.54346 0
-0.315643 1.54729 0
-0.330935 1.55097 0
-0.346198 1.55452 0
-0.361431 1.55793 0
-0.376633 1.56121 0
-0.391803 1.56436 0
-0.406941 1.56738 0
-0.422044 1.57026 0
-0.437113 1.57302 0
-0.452147 1.57565 0
-0.467145 1.57816 0
-0.482105 1.58054 0
-0.497029 1.58279 0
-0.511914 1.58493 0
-0.52676 1.58694 0
-0.541566 1.58884 0
-0.556332 1.59062 0
-0.571057 1.59228 0
-0.585741 1.59382 0
-0.600383 1.59525 0
-0.614982 1.59657 0
-0.629538 1.59778 0
-0.64405 1.59887 0
-0.658518 1.59985 0
-0.672942 1.60073 0
-0.68732 1.6015 0
-0.701653 1.60216 0
-0.715939 1.60272 0
-0.730179 1.60317 0
-0.744372 1.60352 0
-0.758517 1.60377 0
-0.772615 1.60392 0
-0.786665 1.60396 0
-0.800666 1.60391 0
-0.814619 1.60376 0
-0.828522 1.60351 0
-0.842375 1.60317 0
-0.856179 1.60273 0
-0.869933 1.6022 0
-0.883636 1.60158 0
-0.897288 1.60086 0
-0.910889 1.60005 0
-0.924439 1.59916 0
-0.937938 1.59817 0
-0.951385 1.59709 0
-0.964779 1.59593 0
-0.978122 1.59468 0
-0.991411 1.59335 0
-1.00465 1.59193 0
-1.01783 1.59043 0
-1.03096 1.58884 0
-1.04404 1.58717 0
-1.05707 1.58542 0
-1.07004 1.58359 0
-1.08295 1.58168 0
-1.09581 1.57969 0
-1.10862 1.57762 0
-1.12138 1.57548 0
-1.13408 1.57326 0
-1.14672 1.57096 0
-1.15931 1.56859 0
-1.17185 1.56614 0
-1.18433 1.56362 0
-1.19675 1.56103 0
-1.20912 1.55837 0
-1.22143 1.55563 0
-1.23369 1.55282 0
-1.2459 1.54995 0
-1.25804 1.547 0
-1.27013 1.54399 0
-1.28217 1.5409 0
-1.29415 1.53775 0
-1.30607 1.53454 0
-1.31794 1.53125 0
-1.32975 1.52791 0
-1.34151 1.52449 0
-1.35321 1.52102 0
-1.36485 1.51748 0
-1.37644 1.51388 0
-1.38797 1.51021 0
-1.39944 1.50649 0
-1.41085 1.5027 0
-1.42221 1.49885 0
-1.43352 1.49495 0
-1.44476 1.49098 0
-1.45595 1.48695 0
-1.46709 1.48287 0
-1.47816 1.47873 0
-1.48918 1.47453 0
-1.50014 1.47028 0
-1.51105 1.46597 0
-1.5219 1.46161 0
-1.53269 1.45719 0
-1.54342 1.45272 0
-1.5541 1.44819 0
-1.56472 1.44361 0
-1.57529 1.43898 0
-1.58579 1.43429 0
-1.59624 1.42956 0
-1.60664 1.42477 0
-1.61697 1.41993 0
-1.62725 1.41504 0
-1.63747 1.41011 0
-1.64764 1.40512 0
-1.65774 1.40008 0
-1.66779 1.395 0
-1.67779 1.38987 0
-1.68772 1.38469 0
-1.6976 1.37947 0
-1.70742 1.3742 0
-1.71719 1.36888 0
-1.7269 1.36352 0
-1.73655 1.35811 0
-1.74614 1.35266 0
-1.75568 1.34716 0
-1.76516 1.34162 0
-1.77458 1.33604 0
-1.78395 1.33041 0
-1.79326 1.32474 0
-1.80251 1.31903 0
-1.81171 1.31328 0
-1.82085 1.30748 0
-1.82993 1.30165 0
-1.83896 1.29578 0
-1.84792 1.28986 0
-1.85684 1.28391 0
-1.86569 1.27791 0
-1.87449 1.27188 0
-1.88323 1.26581 0
-1.89192 1.2597 0
-1.90055 1.25355 0
-1.90912 1.24737 0
-1.91763 1.24115 0
-1.92609 1.23489 0
-1.93449 1.2286 0
-1.94284 1.22227 0
-1.95113 1.2159 0
-1.95936 1.2095 0
-1.96754 1.20307 0
-1.97566 1.1966 0
-1.98372 1.19009 0
-1.99173 1.18356 0
-1.99968 1.17698 0
-2.00757 1.17038 0
-2.01541 1.16374 0
-2.02319 1.15707 0
-2.03092 1.15037 0
-2.03859 1.14364 0
-2.0462 1.13687 0
-2.05376 1.13008 0
-2.06126 1.12325 0
-2.06871 1.11639 0
-2.0761 1.10951 0
-2.08343 1.10259 0
-2.09071 1.09564 0
-2.09793 1.08867 0
-2.1051 1.08166 0
-2.11221 1.07463 0
-2.11926 1.06756 0
-2.12626 1.06047 0
-2.1332 1.05335 0
-2.14009 1.04621 0
-2.14692 1.03904 0
-2.1537 1.03184 0
-2.16042 1.02461 0
-2.16708 1.01736 0
-2.17369 1.01008 0
-2.18025 1.00277 0
-2.18675 0.995443 0
-2.19319 0.988088 0
-2.19958 0.980707 0
-2.20591 0.973302 0
-2.21219 0.965873 0
-2.21841 0.958419 0
-2.22457 0.950941 0
-2.23069 0.94344 0
-2.23674 0.935916 0
-2.24274 0.928368 0
-2.24869 0.920798 0
-2.25458 0.913205 0
-2.26041 0.90559 0
-2.26619 0.897952 0
-2.27192 0.890293 0
-2.27759 0.882613 0
-2.28321 0.874911 0
-2.28877 0.867188 0
-2.29427 0.859444 0
-2.29972 0.85168 0
-2.30512 0.843895 0
-2.31046 0.836091 0
-2.31575 0.828266 0
-2.32098 0.820422 0
-2.32616 0.812559 0
-2.33128 0.804677 0
-2.33635 0.796775 0
-2.34136 0.788855 0
-2.34632 0.780917 0
-2.35122 0.772961 0
-2.35607 0.764986 0
-2.36087 0.756994 0
-2.36561 0.748985 0
-2.3703 0.740958 0
-2.37493 0.732914 0
-2.37951 0.724854 0
-2.38403 0.716776 0
-2.3885 0.708683 0
-2.39291 0.700573 0
-2.39727 0.692448 0
-2.40158 0.684307 0
-2.40583 0.67615 0
-2.41003 0.667979 0
-2.41417 0.659792 0
-2.41826 0.65159 0
-2.4223 0.643374 0
-2.42628 0.635144 0
-2.4302 0.626899 0
-2.43408 0.61864 0
-2.4379 0.610368 0
-2.44166 0.602082 0
-2.44537 0.593783 0
-2.44903 0.585471 0
-2.45263 0.577145 0
-2.45618 0.568808 0
-2.45968 0.560457 0
-2.46312 0.552095 0
-2.46651 0.54372 0
-2.46984 0.535334 0
-2.47312 0.526935 0
-2.47635 0.518526 0
-2.47952 0.510105 0
-2.48264 0.501673 0
-2.4857 0.49323 0
-2.48872 0.484777 0
-2.49167 0.476313 0
-2.49458 0.467839 0
-2.49743 0.459354 0
-2.50023 0.45086 0
-2.50297 0.442357 0
-2.50566 0.433843 0
-2.50829 0.425321 0
-2.51088 0.416789 0
-2.51341 0.408249 0
-2.51588 0.3997 0
-2.5183 0.391142 0
-2.52067 0.382576 0
-2.52299 0.374002 0
-2.52525 0.36542 0
-2.52746 0.35683 0
-2.52961 0.348233 0
-2.53171 0.339628 0
-2.53376 0.331017 0
-2.53576 0.322398 0
-2.5377 0.313772 0
-2.53959 0.30514 0
-2.54142 0.296502 0
-2.5432 0.287857 0
-2.54493 0.279206 0
-2.5466 0.270549 0
-2.54823 0.261887 0
-2.54979 0.253219 0
-2.55131 0.244546 0
-2.55277 0.235868 0
-2.55418 0.227185 0
-2.55553 0.218497 0
-2.55684 0.209805 0
-2.55808 0.201108 0
-2.55928 0.192407 0
-2.56042 0.183702 0
-2.56151 0.174993 0
-2.56255 0.166281 0
-2.56353 0.157565 0
-2.56446 0.148846 0
-2.56533 0.140124 0
-2.56616 0.131398 0
-2.56693 0.122671 0
-2.56764 0.11394 0
-2.56831 0.105208 0
-2.56892 0.0964726 0
-2.56947 0.0877357 0
-2.56998 0.078997 0
-2.57043 0.0702566 0
-2.57083 0.0615148 0
-2.57117 0.0527717 0
-2.57146 0.0440275 0
-2.5717 0.0352825 0
-2.57189 0.0265366 0
-2.57202 0.0177903 0
-2.5721 0.00904354 0
-2.57212 0.000296625 0
-2.57209 -0.0084503 0
-2.57201 -0.017197 0
-2.57188 -0.0259434 0
-2.57169 -0.0346893 0
-2.57145 -0.0434344 0
-2.57116 -0.0521787 0
-2.57081 -0.0609219 0
-2.57041 -0.0696638 0
-2.56996 -0.0784042 0
-2.56946 -0.0871431 0
-2.5689 -0.0958801 0
-2.56829 -0.104615 0
-2.56762 -0.113348 0
-2.5669 -0.122079 0
-2.56613 -0.130807 0
-2.56531 -0.139532 0
-2.56443 -0.148254 0
-2.5635 -0.156974 0
-2.56251 -0.16569 0
-2.56148 -0.174402 0
-2.56038 -0.183111 0
-2.55924 -0.191817 0
-2.55804 -0.200518 0
-2.55679 -0.209215 0
-2.55549 -0.217908 0
-2.55413 -0.226596 0
-2.55272 -0.235279 0
-2.55126 -0.243958 0
-2.54974 -0.252631 0
-2.54817 -0.261299 0
-2.54655 -0.269962 0
-2.54487 -0.278619 0
-2.54314 -0.28727 0
-2.54136 -0.295915 0
-2.53952 -0.304554 0
-2.53763 -0.313187 0
-2.53569 -0.321813 0
-2.5337 -0.330432 0
-2.53165 -0.339044 0
-2.52954 -0.347649 0
-2.52739 -0.356247 0
-2.52518 -0.364837 0
-2.52291 -0.37342 0
-2.52059 -0.381994 0
-2.51822 -0.390561 0
-2.5158 -0.399119 0
-2.51332 -0.407669 0
-2.51079 -0.41621 0
-2.50821 -0.424742 0
-2.50557 -0.433265 0
-2.50288 -0.441779 0
-2.50013 -0.450283 0
-2.49733 -0.458778 0
-2.49448 -0.467263 0
-2.49157 -0.475737 0
-2.48861 -0.484202 0
-2.4856 -0.492656 0
-2.48253 -0.5011 0
-2.47941 -0.509532 0
-2.47624 -0.517954 0
-2.47301 -0.526364 0
-2.46973 -0.534763 0
-2.46639 -0.54315 0
-2.463 -0.551525 0
-2.45956 -0.559889 0
-2.45606 -0.56824 0
-2.45251 -0.576578 0
-2.4489 -0.584904 0
-2.44524 -0.593217 0
-2.44153 -0.601517 0
-2.43776 -0.609804 0
-2.43394 -0.618077 0
-2.43007 -0.626336 0
-2.42614 -0.634582 0
-2.42215 -0.642813 0
-2.41811 -0.65103 0
-2.41402 -0.659233 0
-2.40988 -0.66742 0
-2.40568 -0.675593 0
-2.40142 -0.68375 0
-2.39711 -0.691892 0
-2.39275 -0.700018 0
-2.38833 -0.708129 0
-2.38386 -0.716223 0
-2.37934 -0.724301 0
-2.37476 -0.732363 0
-2.37012 -0.740407 0
-2.36543 -0.748435 0
-2.36069 -0.756445 0
-2.35589 -0.764438 0
-2.35104 -0.772414 0
-2.34613 -0.780371 0
-2.34117 -0.78831 0
-2.33616 -0.796231 0
-2.33109 -0.804133 0
-2.32596 -0.812017 0
-2.32078 -0.819881 0
-2.31555 -0.827726 0
-2.31026 -0.835551 0
-2.30491 -0.843357 0
-2.29951 -0.851142 0
-2.29406 -0.858907 0
-2.28855 -0.866652 0
-2.28299 -0.874376 0
-2.27737 -0.882079 0
-2.2717 -0.889761 0
-2.26597 -0.897421 0
-2.26019 -0.905059 0
-2.25435 -0.912675 0
-2.24845 -0.920269 0
-2.2425 -0.92784 0
-2.2365 -0.935389 0
-2.23044 -0.942914 0
-2.22433 -0.950416 0
-2.21816 -0.957895 0
-2.21193 -0.965349 0
-2.20565 -0.97278 0
-2.19932 -0.980186 0
-2.19293 -0.987567 0
-2.18648 -0.994924 0
-2.17998 -1.00226 0
-2.17342 -1.00956 0
-2.16681 -1.01684 0
-2.16014 -1.02409 0
-2.15342 -1.03132 0
-2.14664 -1.03852 0
-2.1398 -1.0457 0
-2.13291 -1.05284 0
-2.12597 -1.05996 0
-2.11896 -1.06705 0
-2.11191 -1.07412 0
-2.10479 -1.08115 0
-2.09762 -1.08816 0
-2.0904 -1.09514 0
-2.08312 -1.10208 0
-2.07578 -1.109 0
-2.06839 -1.11589 0
-2.06094 -1.12275 0
-2.05343 -1.12958 0
-2.04587 -1.13637 0
-2.03825 -1.14314 0
-2.03058 -1.14987 0
-2.02285 -1.15658 0
-2.01506 -1.16325 0
-2.00722 -1.16988 0
-1.99932 -1.17649 0
-1.99137 -1.18306 0
-1.98336 -1.1896 0
-1.97529 -1.1961 0
-1.96716 -1.20258 0
-1.95898 -1.20901 0
-1.95075 -1.21541 0
-1.94245 -1.22178 0
-1.9341 -1.22811 0
-1.9257 -1.2344 0
-1.91723 -1.24066 0
-1.90872 -1.24688 0
-1.90014 -1.25307 0
-1.89151 -1.25922 0
-1.88282 -1.26532 0
-1.87407 -1.2714 0
-1.86527 -1.27743 0
-1.85641 -1.28342 0
-1.84749 -1.28938 0
-1.83852 -1.29529 0
-1.82949 -1.30117 0
-1.8204 -1.307 0
-1.81126 -1.3128 0
-1.80206 -1.31855 0
-1.7928 -1.32426 0
-1.78349 -1.32993 0
-1.77412 -1.33556 0
-1.76469 -1.34114 0
-1.7552 -1.34668 0
-1.74566 -1.35218 0
-1.73606 -1.35763 0
-1.7264 -1.36304 0
-1.71669 -1.3684 0
-1.70692 -1.37372 0
-1.69709 -1.37899 0
-1.68721 -1.38422 0
-1.67727 -1.3894 0
-1.66727 -1.39453 0
-1.65721 -1.39961 0
-1.6471 -1.40465 0
-1.63693 -1.40963 0
-1.6267 -1.41457 0
-1.61642 -1.41946 0
-1.60608 -1.42429 0
-1.59568 -1.42908 0
-1.58523 -1.43382 0
-1.57471 -1.4385 0
-1.56415 -1.44313 0
-1.55352 -1.44771 0
-1.54284 -1.45224 0
-1.5321 -1.45671 0
-1.5213 -1.46113 0
-1.51044 -1.4655 0
-1.49953 -1.4698 0
-1.48856 -1.47406 0
-1.47754 -1.47825 0
-1.46646 -1.48239 0
-1.45532 -1.48647 0
-1.44412 -1.4905 0
-1.43287 -1.49446 0
-1.42156 -1.49837 0
-1.4102 -1.50222 0
-1.39877 -1.506 0
-1.38729 -1.50973 0
-1.37576 -1.51339 0
-1.36417 -1.51699 0
-1.35252 -1.52053 0
-1.34081 -1.52401 0
-1.32905 -1.52742 0
-1.31723 -1.53076 0
-1.30536 -1.53404 0
-1.29343 -1.53726 0
-1.28144 -1.54041 0
-1.2694 -1.54349 0
-1.2573 -1.5465 0
-1.24515 -1.54945 0
-1.23294 -1.55232 0
-1.22067 -1.55513 0
-1.20835 -1.55786 0
-1.19597 -1.56052 0
-1.18354 -1.56311 0
-1.17106 -1.56563 0
-1.15851 -1.56808 0
-1.14592 -1.57045 0
-1.13327 -1.57274 0
-1.12056 -1.57496 0
-1.1078 -1.5771 0
-1.09498 -1.57917 0
-1.08211 -1.58115 0
-1.06919 -1.58306 0
-1.05621 -1.58489 0
-1.04318 -1.58663 0
-1.0301 -1.5883 0
-1.01696 -1.58988 0
-1.00377 -1.59138 0
-0.990522 -1.5928 0
-0.977225 -1.59413 0
-0.963875 -1.59538 0
-0.950473 -1.59654 0
-0.937019 -1.59761 0
-0.923513 -1.59859 0
-0.909955 -1.59948 0
-0.896346 -1.60029 0
-0.882686 -1.601 0
-0.868975 -1.60162 0
-0.855214 -1.60215 0
-0.841403 -1.60258 0
-0.827541 -1.60292 0
-0.813631 -1.60316 0
-0.799671 -1.60331 0
-0.785662 -1.60335 0
-0.771604 -1.6033 0
-0.757498 -1.60315 0
-0.743345 -1.6029 0
-0.729144 -1.60254 0
-0.714897 -1.60208 0
-0.700602 -1.60152 0
-0.686262 -1.60085 0
-0.671876 -1.60008 0
-0.657445 -1.59919 0
-0.642969 -1.5982 0
-0.628448 -1.5971 0
-0.613885 -1.59589 0
-0.599278 -1.59457 0
-0.584628 -1.59313 0
-0.569936 -1.59158 0
-0.555203 -1.58991 0
-0.540429 -1.58813 0
-0.525615 -1.58622 0
-0.510761 -1.5842 0
-0.495868 -1.58206 0
-0.480937 -1.57979 0
-0.465968 -1.5774 0
-0.450963 -1.57489 0
-0.435922 -1.57225 0
-0.420845 -1.56948 0
-0.405734 -1.56659 0
-0.390589 -1.56356 0
-0.375411 -1.56041 0
-0.360201 -1.55712 0
-0.344961 -1.5537 0
-0.32969 -1.55014 0
-0.31439 -1.54644 0
-0.299062 -1.54261 0
-0.283707 -1.53863 0
-0.268326 -1.53452 0
-0.25292 -1.53026 0
-0.23749 -1.52586 0
-0.222037 -1.52131 0
-0.206563 -1.51662 0
-0.191069 -1.51178 0
-0.175556 -1.50678 0
-0.160025 -1.50164 0
-0.144477 -1.49634 0
-0.128915 -1.49089 0
-0.113339 -1.48528 0
-0.0977513 -1.47951 0
-0.0821529 -1.47358 0
-0.0665455 -1.46749 0
-0.0509307 -1.46124 0
-0.0353102 -1.45483 0
-0.0196857 -1.44825 0
-0.00405882 -1.4415 0
0.0115685 -1.43458 0
0.0271945 -1.42749 0
0.0428171 -1.42023 0
0.0584346 -1.4128 0
0.0740447 -1.40519 0
0.0896456 -1.3974 0
0.105235 -1.38943 0
0.120811 -1.38128 0
0.13637 -1.37295 0
0.151912 -1.36444 0
0.167433 -1.35574 0
0.182931 -1.34686 0
0.198403 -1.33778 0
0.213847 -1.32852 0
0.22926 -1.31906 0
0.24464 -1.30941 0
0.259983 -1.29957 0
0.275287 -1.28953 0
0.290549 -1.27929 0
0.305765 -1.26886 0
0.320934 -1.25822 0
0.33605 -1.24738 0
0.351112 -1.23633 0
0.366116 -1.22509 0
0.381059 -1.21363 0
0.395936 -1.20197 0
0.410744 -1.1901 0
0.42548 -1.17802 0
0.440141 -1.16573 0
0.454721 -1.15323 0
0.469217 -1.14052 0
0.483625 -1.12759 0
0.497942 -1.11445 0
0.512162 -1.10109 0
0.526281 -1.08751 0
0.540296 -1.07372 0
0.554201 -1.05972 0
0.567993 -1.04549 0
0.581666 -1.03104 0
0.595215 -1.01638 0
0.608637 -1.0015 0
0.621926 -0.9864 0
0.635076 -0.971081 0
0.648084 -0.955543 0
0.660944 -0.939787 0
0.673651 -0.923814 0
0.6862 -0.907623 0
0.698584 -0.891216 0
0.7108 -0.874592 0
0.722841 -0.857754 0
0.734702 -0.840703 0
0.746377 -0.823439 0
0.757861 -0.805964 0
0.769149 -0.78828 0
0.780234 -0.770388 0
0.791111 -0.752291 0
0.801775 -0.733991 0
0.812219 -0.71549 0
0.822438 -0.69679 0
0.832426 -0.677895 0
0.842178 -0.658808 0
0.851687 -0.63953 0
0.860949 -0.620067 0
0.869957 -0.600422 0
0.878706 -0.580597 0
0.887191 -0.560598 0
0.895406 -0.540428 0
0.903346 -0.520092 0
0.911006 -0.499595 0
0.91838 -0.478942 0
0.925464 -0.458136 0
0.932252 -0.437185 0
0.93874 -0.416092 0
0.944923 -0.394865 0
0.950797 -0.373508 0
0.956357 -0.352028 0
0.9616 -0.330431 0
0.966521 -0.308724 0
0.971117 -0.286913 0
0.975384 -0.265004 0
0.979319 -0.243006 0
0.982919 -0.220924 0
0.986181 -0.198766 0
0.989103 -0.17654 0
0.991682 -0.154252 0
0.993916 -0.131911 0
0.995803 -0.109523 0
0.997342 -0.0870979 0
0.998532 -0.0646419 0
0.999371 -0.0421631 0
0.999859 -0.0196695 0
0.999996 0.00283097 0
