1 0 0
0.999824236725696 0.0225 0
0.999297085305211 0.0449920923211345 0
0.998418975434322 0.0674683822064606 0
0.997190621829141 0.0899210024038093 0
0.995613022039434 0.112342126753807 0
0.99368745340834 0.134723983580358 0
0.991415469199402 0.157058868820631 0
0.988798893917306 0.179339158834032 0
0.985839817853976 0.201557322832605 0
0.982540590896489 0.223705934878768 0
0.978903815637654 0.245777685400198 0
0.974932339834093 0.267765392175943 0
0.970629248260002 0.289662010752471 0
0.965997854007745 0.311460644253198 0
0.961041689288695 0.333154552550113 0
0.955764495789571 0.354737160771282 0
0.950170214640703 0.376202067123236 0
0.944262976053342 0.397543050012503 0
0.938047088683241 0.418754074455676 0
0.931527028777383 0.439829297772452 0
0.924707429159825 0.460763074560959 0
0.91759306811136 0.481549960959285 0
0.910188858195941 0.502184718201542 0
0.902499835084747 0.522662315480862 0
0.894531146426348 0.542977932135445 0
0.886288040808751 0.563126959177255 0
0.877775856856201 0.583105000185931 0
0.869000012500506 0.602907871593221 0
0.859965994463448 0.622531602385497 0
0.850679347983494 0.641972433253883 0
0.841145666816687 0.661226815223065 0
0.831370583538196 0.680291407791075 0
0.821359760167638 0.699163076613207 0
0.811118879138031 0.717838890763787 0
0.800653634624968 0.736316119609754 0
0.789969724249546 0.754592229329979 0
0.779072841165592 0.772664879113996 0
0.76796866653891 0.790531917073243 0
0.756662862423633 0.80819137589727 0
0.745161065038254 0.825641468286402 0
0.733468878441639 0.842880582191334 0
0.721591868607198 0.859907275888935 0
0.709535557891471 0.876720272922237 0
0.697305419891642 0.893318456931224 0
0.684906874684967 0.909700866399584 0
0.67234528444171 0.925866689341073 0
0.659625949402003 0.941815257947675 0
0.646754104206028 0.957546043220143 0
0.633734914566039 0.973058649600042 0
0.620573474268054 0.988352809620843 0
0.607274802490462 1.00342837859417 0
0.593843841426366 1.01828532934582 0
0.580285454196156 1.03292374701479 0
0.566604423036617 1.04734382392714 0
0.552805447752769 1.06154585455531 0
0.538893144418621 1.07553023057212 0
0.524872044313117 1.08929743600763 0
0.510746593077665 1.10284804251589 0
0.496521150081872 1.11618270475749 0
0.48219998798437 1.12930215590294 0
0.467787292475921 1.14220720326091 0
0.453287162192344 1.15489872403457 0
0.438703608785204 1.16737766120843 0
0.424040557138592 1.17964501956752 0
0.409301845720778 1.19170186184967 0
0.39449122705996 1.20354930503179 0
0.379612368333789 1.21518851674955 0
0.36466885206282 1.22662071185037 0
0.349664176898508 1.23784714907835 0
0.334601758496838 1.24886912788988 0
0.319484930469139 1.25968798539823 0
0.304316945402096 1.27030509344492 0
0.289100975939428 1.28072185579571 0
0.273840115918139 1.29093970545861 0
0.258537381552674 1.3009601021211 0
0.243195712660742 1.31078452970386 0
0.227817973924965 1.32041449402778 0
0.212406956184903 1.32985152059128 0
0.196965377754379 1.33909715245468 0
0.181495885759388 1.3481529482283 0
0.166001057492219 1.35702048016108 0
0.150483401777748 1.36570133232633 0
0.134945360348159 1.37419709890132 0
0.119389309222678 1.38250938253732 0
0.103817560089136 1.39063979281685 0
0.0882323616844937 1.39858994479483 0
0.072635901171684 1.40636145762046 0
0.0570303055103556 1.41395595323648 0
0.0414176428193531 1.42137505515295 0
0.0257999237289511 1.42862038729221 0
0.010179102721066 1.43569357290224 0
-0.00544292054414781 1.44259623353538 0
-0.0210642999167434 1.44932998808957 0
-0.0366832414617334 1.45589645190941 0
-0.0522980021812646 1.46229723594424 0
-0.0679068887551969 1.4685339459608 0
-0.0835082563009354 1.47460818180774 0
-0.0991005071532513 1.48052153672972 0
-0.114682089664714 1.48627559672861 0
-0.13025149702726 1.49187193996963 0
-0.145807266115323 1.49731213623014 0
-0.161347976350875 1.50259774638903 0
-0.176872248590643 1.50773032195467 0
-0.192378744035693 1.51271140462949 0
-0.207866163163509 1.51754252590921 0
-0.223333244682639 1.52222520671509 0
-0.238778764509917 1.52676095705737 0
-0.254201534770225 1.53115127572827 0
-0.26960040281872 1.53539765002297 0
-0.284974250285396 1.53950155548712 0
-0.300321992141826 1.54346445568928 0
-0.315642575789898 1.54728780201715 0
-0.330934980172321 1.55097303349601 0
-0.346198214904656 1.55452157662834 0
-0.361431319428601 1.55793484525325 0
-0.376633362186253 1.56121424042471 0
-0.391803439815025 1.56436115030737 0
-0.406940676362907 1.56737695008903 0
-0.422044222523742 1.57026300190874 0
-0.437113254892157 1.57302065479956 0
-0.452146975237808 1.57565124464513 0
-0.467144609798573 1.57815609414918 0
-0.482105408592324 1.58053651281716 0
-0.497028644746913 1.58279379694926 0
-0.511913613847987 1.58492922964408 0
-0.526759633304262 1.58694408081221 0
-0.541566041729879 1.58883960719913 0
-0.556332198343457 1.5906170524168 0
-0.571057482383468 1.59227764698328 0
-0.585741292539569 1.59382260836994 0
-0.600383046399496 1.59525314105564 0
-0.61498217991117 1.59657043658736 0
-0.629538146859637 1.59777567364692 0
-0.644050418358479 1.59887001812327 0
-0.658518482355341 1.59985462318985 0
-0.672941843151216 1.60073062938678 0
-0.687320020933143 1.60149916470741 0
-0.70165255131997 1.60216134468882 0
-0.715938984920844 1.60271827250606 0
-0.730178886906101 1.60317103906972 0
-0.74437183659022 1.60352072312651 0
-0.758517427026533 1.60376839136272 0
-0.772615264613365 1.60391509851004 0
-0.786664968711302 1.60396188745373 0
-0.800666171271289 1.60390978934275 0
-0.814618516473254 1.60375982370175 0
-0.828521660374975 1.60351299854451 0
-0.842375270570915 1.60317031048889 0
-0.856179025860733 1.60273274487289 0
-0.869932615927213 1.60220127587178 0
-0.883635741023352 1.60157686661604 0
-0.897288111668335 1.60086046931007 0
-0.910889448352169 1.60005302535135 0
-0.924439481248705 1.59915546545015 0
-0.937937949936839 1.59816870974945 0
-0.951384603129638 1.59709366794506 0
-0.964779198411174 1.59593123940582 0
-0.978121501980852 1.59468231329377 0
-0.991411288405004 1.59334776868413 0
-1.00464834037555 1.5919284746852 0
-1.01783244847554 1.59042529055777 0
-1.03096341095131 1.58883906583428 0
-1.04404103349119 1.58717064043752 0
-1.05706512901041 1.58542084479872 0
-1.07003551744222 1.58359049997517 0
-1.08295202553479 1.58168041776712 0
-1.09581448665404 1.57969140083403 0
-1.10862274059192 1.57762424281005 0
-1.12137663338019 1.57547972841874 0
-1.13407601710944 1.57325863358697 0
-1.14672074975328 1.57096172555792 0
-1.15931069499741 1.56858976300321 0
-1.17184572207362 1.56614349613409 0
-1.18432570559839 1.56362366681168 0
-1.19675052541608 1.56103100865623 0
-1.20912006644652 1.55836624715533 0
-1.22143421853693 1.55563009977119 0
-1.23369287631794 1.55282327604676 0
-1.2458959390637 1.54994647771089 0
-1.2580433105559 1.54700039878233 0
-1.2701348989516 1.5439857256727 0
-1.28217061665476 1.54090313728834 0
-1.29415038019139 1.53775330513109 0
-1.30607411008813 1.53453689339786 0
-1.3179417307543 1.53125455907922 0
-1.32975317036716 1.52790695205674 0
-1.34150836076042 1.52449471519926 0
-1.35320723731582 1.52101848445808 0
-1.36484973885774 1.5174788889609 0
-1.37643580755077 1.51387655110473 0
-1.38796538880001 1.51021208664766 0
-1.39943843115426 1.50648610479947 0
-1.41085488621181 1.50269920831111 0
-1.42221470852886 1.49885199356313 0
-1.43351785553048 1.49494505065293 0
-1.44476428742395 1.49097896348091 0
-1.45595396711463 1.48695430983555 0
-1.46708686012396 1.48287166147738 0
-1.47816293450991 1.4787315842218 0
-1.48918216078942 1.47453463802096 0
-1.50014451186314 1.47028137704437 0
-1.51104996294206 1.46597234975864 0
-1.52189849147632 1.46160809900602 0
-1.53269007708582 1.45718916208196 0
-1.5434247014928 1.45271607081158 0
-1.55410234845626 1.44818935162523 0
-1.56472300370807 1.44360952563282 0
-1.57528665489098 1.43897710869738 0
-1.58579329149814 1.43429261150741 0
-1.59624290481441 1.4295565396484 0
-1.60663548785912 1.42476939367327 0
-1.6169710353305 1.41993166917188 0
-1.62724954355155 1.41504385683958 0
-1.63747101041735 1.41010644254483 0
-1.64763543534386 1.40511990739586 0
-1.65774281921803 1.40008472780638 0
-1.66779316434932 1.39500137556048 0
-1.67778647442242 1.38987031787647 0
-1.68772275445137 1.38469201747002 0
-1.6976020107348 1.37946693261622 0
-1.70742425081242 1.37419551721096 0
-1.71718948342267 1.3688782208313 0
-1.72689771846151 1.36351548879509 0
-1.73654896694226 1.3581077622197 0
-1.74614324095658 1.35265547808001 0
-1.75568055363643 1.34715906926545 0
-1.76516091911711 1.34161896463639 0
-1.77458435250118 1.33603558907962 0
-1.78395086982346 1.33040936356313 0
-1.79326048801686 1.32474070519008 0
-1.80251322487915 1.31903002725204 0
-1.81170909904066 1.31327773928145 0
-1.82084812993272 1.30748424710338 0
-1.82993033775704 1.30164995288653 0
-1.83895574345588 1.29577525519359 0
-1.84792436868292 1.28986054903075 0
-1.85683623577504 1.2839062258967 0
-1.8656913677247 1.2779126738308 0
-1.87448978815318 1.27188027746063 0
-1.88323152128438 1.26580941804893 0
-1.89191659191945 1.25970047353977 0
-1.900545025412 1.25355381860418 0
-1.90911684764398 1.24736982468511 0
-1.91763208500217 1.24114886004175 0
-1.92609076435533 1.23489128979325 0
-1.93449291303196 1.22859747596185 0
-1.94283855879852 1.22226777751539 0
-1.95112772983839 1.21590255040923 0
-1.95936045473125 1.20950214762765 0
-1.96753676243307 1.20306691922457 0
-1.97565668225654 1.19659721236384 0
-1.98372024385215 1.19009337135888 0
-1.99172747718959 1.18355573771184 0
-1.9996784125398 1.17698465015217 0
-2.00757308045733 1.17038044467472 0
-2.01541151176329 1.16374345457731 0
-2.02319373752869 1.15707401049772 0
-2.03091978905816 1.15037244045031 0
-2.0385896978742 1.14363906986206 0
-2.04620349570174 1.13687422160809 0
-2.05376121445317 1.13007821604683 0
-2.06126288621374 1.12325137105457 0
-2.06870854322726 1.11639400205971 0
-2.07609821788233 1.10950642207637 0
-2.08343194269877 1.10258894173772 0
-2.09070975031448 1.09564186932879 0
-2.09793167347264 1.08866551081884 0
-2.10509774500922 1.08166016989333 0
-2.11220799784079 1.07462614798546 0
-2.11926246495272 1.06756374430732 0
-2.12626117938761 1.06047325588058 0
-2.13320417423404 1.05335497756685 0
-2.14009148261565 1.04620920209759 0
-2.14692313768043 1.0390362201037 0
-2.15369917259035 1.03183632014462 0
-2.16041962051123 1.02460978873718 0
-2.16708451460285 1.01735691038401 0
-2.17369388800939 1.01007796760161 0
-2.18024777385002 1.00277324094806 0
-2.18674620520978 0.995443009050375 0
-2.19318921513072 0.988087548631532 0
-2.19957683660324 0.980707134537152 0
-2.20590910255763 0.973302039761839 0
-2.21218604585586 0.96587253547521 0
-2.21840769928361 0.95841889104759 0
-2.22457409554242 0.950941374075399 0
-2.23068526724213 0.943440250406219 0
-2.23674124689346 0.935915784163571 0
-2.24274206690082 0.928368237771375 0
-2.24868775955527 0.920797871978123 0
-2.25457835702765 0.913204945880761 0
-2.26041389136199 0.905589716948286 0
-2.26619439446895 0.897952441045059 0
-2.2719198981195 0.890293372453845 0
-2.2775904339388 0.88261276389858 0
-2.28320603340015 0.874910866566872 0
-2.28876672781918 0.86718793013224 0
-2.29427254834812 0.859444202776096 0
-2.29972352597028 0.85167993120947 0
-2.30511969149462 0.84389536069449 0
-2.31046107555053 0.836090735065619 0
-2.31574770858262 0.828266296750643 0
-2.32097962084583 0.820422286791432 0
-2.32615684240047 0.812558944864462 0
-2.33127940310755 0.804676509301113 0
-2.33634733262413 0.796775217107743 0
-2.34136066039883 0.788855303985534 0
-2.34631941566744 0.780917004350132 0
-2.35122362744872 0.77296055135107 0
-2.35607332454014 0.764986176890974 0
-2.36086853551395 0.756994111644581 0
-2.36560928871314 0.748984585077536 0
-2.37029561224771 0.740957825465006 0
-2.37492753399083 0.732914059910089 0
-2.37950508157529 0.724853514362039 0
-2.3840282823899 0.7167764136343 0
-2.38849716357609 0.708682981422353 0
-2.39291175202452 0.700573440321388 0
-2.39727207437184 0.692448011843793 0
-2.40157815699747 0.684306916436471 0
-2.40583002602056 0.676150373497985 0
-2.41002770729692 0.667978601395535 0
-2.41417122641613 0.65979181748177 0
-2.41826060869866 0.651590238111436 0
-2.42229587919307 0.643374078657868 0
-2.42627706267338 0.635143553529323 0
-2.43020418363635 0.626898876185164 0
-2.43407726629898 0.618640259151887 0
-2.43789633459597 0.610367914039007 0
-2.44166141217734 0.602082051554799 0
-2.44537252240605 0.59378288152189 0
-2.4490296883557 0.585470612892721 0
-2.45263293280829 0.577145453764868 0
-2.45618227825207 0.568807611396229 0
-2.45967774687943 0.560457292220083 0
-2.4631193605848 0.552094701860017 0
-2.46650714096272 0.543720045144728 0
-2.46984110930585 0.535333526122707 0
-2.47312128660308 0.526935348076791 0
-2.47634769353773 0.518525713538608 0
-2.47952035048574 0.5101048243029 0
-2.48263927751394 0.501672881441734 0
-2.48570449437836 0.493230085318602 0
-2.48871602052261 0.484776635602413 0
-2.49167387507627 0.476312731281376 0
-2.49457807685337 0.467838570676783 0
-2.49742864435086 0.459354351456686 0
-2.50022559574717 0.450860270649478 0
-2.50296894890081 0.442356524657374 0
-2.50565872134896 0.433843309269799 0
-2.50829493030618 0.425320819676685 0
-2.51087759266308 0.416789250481666 0
-2.51340672498511 0.408248795715204 0
-2.51588234351129 0.39969964884761 0
-2.5183044641531 0.391142002801989 0
-2.52067310249327 0.382576049967105 0
-2.52298827378471 0.374001982210159 0
-2.52524999294945 0.365419990889495 0
-2.52745827457755 0.356830266867225 0
-2.52961313292617 0.348233000521783 0
-2.53171458191853 0.339628381760405 0
-2.53376263514301 0.331016600031541 0
-2.53575730585222 0.322397844337192 0
-2.53769860696215 0.313772303245193 0
-2.53958655105127 0.305140164901419 0
-2.54142115035978 0.296501617041933 0
-2.54320241678874 0.287856847005078 0
-2.5449303618994 0.279206041743499 0
-2.54660499691237 0.270549387836123 0
-2.54822633270698 0.261887071500067 0
-2.54979437982058 0.253219278602509 0
-2.55130914844788 0.244546194672491 0
-2.5527706484403 0.235868004912689 0
-2.55417888930543 0.227184894211121 0
-2.55553388020637 0.218497047152817 0
-2.55683562996126 0.20980464803144 0
-2.55808414704266 0.201107880860868 0
-2.55927943957713 0.192406929386733 0
-2.56042151534467 0.183701977097916 0
-2.56151038177832 0.174993207238019 0
-2.56254604596369 0.16628080281678 0
-2.56352851463854 0.157564946621473 0
-2.56445779419241 0.148845821228266 0
-2.56533389066622 0.140123609013547 0
-2.56615680975197 0.131398492165226 0
-2.56692655679232 0.122670652694006 0
-2.56764313678038 0.113940272444633 0
-2.56830655435936 0.105207533107111 0
-2.56891681382233 0.096472616227909 0
-2.56947391911195 0.0877357032211351 0
-2.56997787382028 0.0789969753796978 0
-2.57042868118853 0.0702566138864478 0
-2.5708263441069 0.0615147998253037 0
-2.57117086511442 0.0527717141923637 0
-2.57146224639878 0.0440275379070043 0
-2.57170048979621 0.0352824518229681 0
-2.57188559679137 0.026536636739442 0
-2.57201756851728 0.0177902734121272 0
-2.57209640575521 0.00904354256430384 0
-2.57212210893468 0.000296624897889568 0
-2.57209467813338 -0.00845029889550373 0
-2.5720141130772 -0.0171970481235154 0
-2.57188041314019 -0.0259434420819809 0
-2.57169357734464 -0.0346893000438754 0
-2.57145360436107 -0.0434344412482537 0
-2.57116049250836 -0.0521786848891852 0
-2.57081423975375 -0.0609218501046825 0
-2.57041484371302 -0.0696637559656216 0
-2.56996230165059 -0.0784042214646525 0
-2.56945661047961 -0.0871430655050985 0
-2.5688977667622 -0.0958801068898418 0
-2.5682857667096 -0.104615164310196 0
-2.56762060618234 -0.113348056334759 0
-2.56690228069051 -0.122078601398254 0
-2.56613078539398 -0.130806617790345 0
-2.56530611510265 -0.139531923644431 0
-2.56442826427675 -0.148254336926427 0
-2.56349722702714 -0.156973675423504 0
-2.56251299711563 -0.165689756732822 0
-2.56147556795532 -0.174402398250217 0
-2.560384932611 -0.183111417158873 0
-2.55924108379946 -0.191816630417954 0
-2.55804401389001 -0.200517854751208 0
-2.55679371490482 -0.209214906635532 0
-2.55549017851943 -0.217907602289507 0
-2.55413339606318 -0.22659575766189 0
-2.55272335851978 -0.235279188420067 0
-2.55126005652777 -0.243957709938468 0
-2.54974348038109 -0.252631137286935 0
-2.54817362002969 -0.261299285219049 0
-2.54655046508007 -0.269961968160405 0
-2.54487400479594 -0.278619000196844 0
-2.54314422809887 -0.287270195062635 0
-2.54136112356895 -0.295915366128598 0
-2.53952467944549 -0.304554326390182 0
-2.53763488362778 -0.313186888455483 0
-2.53569172367581 -0.321812864533206 0
-2.53369518681109 -0.330432066420564 0
-2.53164525991743 -0.339044305491125 0
-2.52954192954182 -0.347649392682581 0
-2.52738518189525 -0.356247138484472 0
-2.52517500285369 -0.364837352925825 0
-2.52291137795897 -0.373419845562734 0
-2.52059429241974 -0.381994425465867 0
-2.51822373111253 -0.390560901207902 0
-2.51579967858272 -0.399119080850884 0
-2.51332211904564 -0.407668771933513 0
-2.51079103638766 -0.416209781458345 0
-2.50820641416734 -0.424741915878917 0
-2.50556823561661 -0.433264981086789 0
-2.50287648364193 -0.441778782398503 0
-2.50013114082561 -0.45028312454245 0
-2.49733218942705 -0.458777811645652 0
-2.49447961138409 -0.467262647220452 0
-2.49157338831437 -0.475737434151112 0
-2.48861350151674 -0.484201974680312 0
-2.4855999319727 -0.492656070395554 0
-2.48253266034794 -0.501099522215469 0
-2.47941166699383 -0.509532130376012 0
-2.47623693194904 -0.517953694416565 0
-2.47300843494114 -0.526364013165926 0
-2.46972615538833 -0.534762884728188 0
-2.46639007240114 -0.543150106468508 0
-2.4630001647842 -0.551525474998767 0
-2.4595564110381 -0.559888786163106 0
-2.45605878936126 -0.568239835023349 0
-2.45250727765188 -0.5765784158443 0
-2.44890185350993 -0.58490432207892 0
-2.44524249423918 -0.593217346353376 0
-2.44152917684935 -0.601517280451963 0
-2.43776187805826 -0.60980391530189 0
-2.43394057429406 -0.618077040957938 0
-2.4300652416975 -0.626336446586976 0
-2.42613585612435 -0.634581920452341 0
-2.42215239314776 -0.642813249898071 0
-2.4181148280608 -0.651030221333 0
-2.41402313587897 -0.6592326202147 0
-2.40987729134288 -0.66742023103327 0
-2.40567726892093 -0.675592837294981 0
-2.40142304281208 -0.683750221505751 0
-2.39711458694873 -0.691892165154474 0
-2.39275187499964 -0.700018448696176 0
-2.38833488037294 -0.708128851535007 0
-2.38386357621922 -0.716223152007075 0
-2.37933793543475 -0.724301127363088 0
-2.37475793066469 -0.732362553750841 0
-2.37012353430648 -0.740407206197513 0
-2.36543471851331 -0.748434858591783 0
-2.36069145519761 -0.756445283665768 0
-2.3558937160347 -0.764438252976762 0
-2.35104147246657 -0.772413536888793 0
-2.34613469570566 -0.78037090455398 0
-2.34117335673883 -0.788310123893691 0
-2.33615742633139 -0.796230961579499 0
-2.33108687503128 -0.804133183013934 0
-2.3259616731733 -0.812016552311022 0
-2.32078179088353 -0.819880832276613 0
-2.31554719808379 -0.82772578438849 0
-2.31025786449629 -0.835551168776259 0
-2.30491375964837 -0.843356744201011 0
-2.29951485287733 -0.851142268034758 0
-2.29406111333549 -0.858907496239632 0
-2.28855250999528 -0.866652183346854 0
-2.28298901165452 -0.874376082435452 0
-2.27737058694184 -0.882078945110742 0
-2.27169720432223 -0.889760521482554 0
-2.26596883210273 -0.897420560143206 0
-2.26018543843833 -0.905058808145219 0
-2.2543469913379 -0.912675010978769 0
-2.24845345867044 -0.920268912548872 0
-2.24250480817138 -0.927840255152296 0
-2.23650100744907 -0.935388779454195 0
-2.23044202399148 -0.942914224464463 0
-2.22432782517305 -0.950416327513803 0
-2.21815837826171 -0.957894824229503 0
-2.2119336504261 -0.965349448510912 0
-2.20565360874301 -0.972779932504621 0
-2.19931822020496 -0.980186006579333 0
-2.19292745172803 -0.987567399300426 0
-2.18648127015986 -0.994923837404191 0
-2.1799796422879 -1.00225504577175 0
-2.17342253484786 -1.00956074740267 0
-2.16680991453236 -1.01684066338819 0
-2.16014174799985 -1.02409451288415 0
-2.15341800188375 -1.03132201308359 0
-2.14663864280183 -1.03852287918896 0
-2.13980363736583 -1.04569682438395 0
-2.13291295219136 -1.05284355980508 0
-2.12596655390803 -1.05996279451275 0
-2.11896440916988 -1.06705423546206 0
-2.11190648466609 -1.07411758747318 0
-2.10479274713189 -1.08115255320132 0
-2.0976231633599 -1.08815883310637 0
-2.09039770021167 -1.09513612542206 0
-2.08311632462954 -1.1020841261248 0
-2.07577900364883 -1.10900252890201 0
-2.06838570441038 -1.11589102512012 0
-2.06093639417335 -1.12274930379209 0
-2.05343104032846 -1.12957705154452 0
-2.04586961041146 -1.13637395258426 0
-2.03825207211708 -1.1431396886647 0
-2.03057839331326 -1.14987393905143 0
-2.02284854205584 -1.15657638048761 0
-2.01506248660352 -1.16324668715875 0
-2.00722019543338 -1.16988453065704 0
-1.99932163725666 -1.17648957994522 0
-1.99136678103506 -1.18306150131993 0
-1.98335559599743 -1.1895999583746 0
-1.97528805165695 -1.19610461196173 0
-1.96716411782868 -1.20257512015477 0
-1.95898376464768 -1.2090111382094 0
-1.95074696258756 -1.2154123185243 0
-1.94245368247953 -1.22177831060137 0
-1.93410389553198 -1.2281087610054 0
-1.92569757335054 -1.23440331332316 0
-1.91723468795876 -1.24066160812196 0
-1.90871521181924 -1.24688328290759 0
-1.90013911785541 -1.25306797208172 0
-1.89150637947387 -1.25921530689861 0
-1.8828169705873 -1.26532491542133 0
-1.87407086563803 -1.27139642247728 0
-1.86526803962225 -1.27742944961314 0
-1.8564084681148 -1.2834236150491 0
-1.84749212729471 -1.28937853363258 0
-1.83851899397139 -1.29529381679114 0
-1.82948904561155 -1.30116907248483 0
-1.82040226036679 -1.30700390515787 0
-1.81125861710204 -1.31279791568954 0
-1.80205809542466 -1.31855070134451 0
-1.79280067571441 -1.32426185572235 0
-1.78348633915418 -1.32993096870639 0
-1.77411506776158 -1.33555762641184 0
-1.76468684442142 -1.34114141113317 0
-1.75520165291898 -1.34668190129069 0
-1.74565947797429 -1.35217867137648 0
-1.73606030527731 -1.35763129189947 0
-1.72640412152402 -1.36303932932972 0
-1.71669091445356 -1.368402346042 0
-1.70692067288636 -1.37371990025846 0
-1.69709338676334 -1.37899154599057 0
-1.68720904718611 -1.38421683298019 0
-1.6772676464584 -1.38939530663981 0
-1.66726917812847 -1.39452650799195 0
-1.65721363703283 -1.39960997360769 0
-1.6471010193411 -1.40464523554435 0
-1.63693132260208 -1.40963182128226 0
-1.62670454579113 -1.41456925366065 0
-1.61642068935887 -1.41945705081264 0
-1.60607975528121 -1.42429472609932 0
-1.59568174711073 -1.42908178804288 0
-1.58522667002954 -1.4338177402588 0
-1.57471453090359 -1.43850208138714 0
-1.56414533833846 -1.44313430502283 0
-1.55351910273677 -1.44771389964495 0
-1.54283583635709 -1.45224034854513 0
-1.53209555337459 -1.45671312975488 0
-1.52129826994332 -1.46113171597193 0
-1.51044400426027 -1.46549557448555 0
-1.49953277663119 -1.4698041671009 0
-1.48856460953826 -1.4740569500623 0
-1.47753952770971 -1.47825337397543 0
-1.4664575581913 -1.48239288372856 0
-1.45531873041993 -1.48647491841263 0
-1.44412307629919 -1.49049891124034 0
-1.43287063027714 -1.49446428946413 0
-1.42156142942628 -1.49837047429303 0
-1.41019551352569 -1.50221688080849 0
-1.39877292514562 -1.50600291787908 0
-1.38729370973437 -1.50972798807406 0
-1.37575791570772 -1.51339148757588 0
-1.3641655945408 -1.51699280609156 0
-1.35251680086272 -1.52053132676287 0
-1.34081159255369 -1.52400642607552 0
-1.32905003084514 -1.52741747376711 0
-1.3172321804225 -1.530763832734 0
-1.30535810953102 -1.53404485893703 0
-1.29342789008462 -1.53725990130612 0
-1.28144159777778 -1.54040830164374 0
-1.26939931220072 -1.54348939452726 0
-1.25730111695787 -1.54650250721013 0
-1.24514709978969 -1.54944695952199 0
-1.23293735269805 -1.55232206376764 0
-1.2206719720752 -1.55512712462494 0
-1.20835105883647 -1.55786143904152 0
-1.19597471855678 -1.5605242961305 0
-1.18354306161109 -1.5631149770651 0
-1.17105620331896 -1.56563275497216 0
-1.15851426409322 -1.56807689482465 0
-1.145917369593 -1.57044665333316 0
-1.13326565088119 -1.57274127883633 0
-1.12055924458645 -1.57496001119035 0
-1.10779829306994 -1.5771020816575 0
-1.09498294459692 -1.57916671279371 0
-1.08211335351329 -1.58115311833533 0
-1.06918968042731 -1.58306050308487 0
-1.05621209239661 -1.58488806279612 0
-1.04318076312066 -1.58663498405829 0
-1.03009587313884 -1.58830044417958 0
-1.01695761003429 -1.58988361106994 0
-1.00376616864375 -1.59138364312324 0
-0.990521751273491 -1.59279968909892 0
-0.977224567921604 -1.59413088800299 0
-0.963874836506751 -1.59537636896872 0
-0.950472783103646 -1.59653525113688 0
-0.937018642185413 -1.59760664353571 0
-0.923512656873047 -1.59858964496066 0
-0.909955079192185 -1.59948334385402 0
-0.896346170337394 -1.60028681818454 0
-0.882686200944209 -1.60099913532709 0
-0.868975451369135 -1.60161935194256 0
-0.855214211977857 -1.60214651385804 0
-0.841402783441888 -1.60257965594743 0
-0.827541477043907 -1.60291780201265 0
-0.813630614992035 -1.60315996466556 0
-0.799670530743299 -1.60330514521075 0
-0.785661569336571 -1.60335233352935 0
-0.771604087735217 -1.60330050796412 0
-0.757498455179771 -1.60314863520586 0
-0.743345053550886 -1.60289567018149 0
-0.72914427774287 -1.60254055594389 0
-0.714896536048098 -1.60208222356383 0
-0.700602250552596 -1.60151959202416 0
-0.686261857543122 -1.60085156811649 0
-0.671875807926041 -1.60007704634077 0
-0.657444567658326 -1.59919490880789 0
-0.642968618191013 -1.59820402514563 0
-0.62844845692544 -1.59710325240849 0
-0.613884597682608 -1.59589143499136 0
-0.599277571186015 -1.59456740454781 0
-0.584627925558309 -1.59312997991302 0
-0.569936226832115 -1.59157796703203 0
-0.555203059475399 -1.58991015889353 0
-0.540429026931726 -1.58812533546982 0
-0.525614752175798 -1.58622226366325 0
-0.510760878284616 -1.58419969725982 0
-0.495868069024669 -1.58205637689025 0
-0.480937009455503 -1.57979102999936 0
-0.465968406550069 -1.57740237082411 0
-0.450962989832203 -1.57488910038105 0
-0.435921512031649 -1.57224990646381 0
-0.420844749756971 -1.56948346365134 0
-0.40573350418675 -1.56658843332765 0
-0.390588601779431 -1.56356346371374 0
-0.37541089500218 -1.5604071899126 0
-0.360201263079127 -1.55711823396822 0
-0.344960612759338 -1.55369520493926 0
-0.329689879104856 -1.55013669898866 0
-0.314390026299156 -1.54644129948983 0
-0.299062048476329 -1.5426075771508 0
-0.283706970571287 -1.53863409015719 0
-0.268325849191294 -1.53451938433525 0
-0.252919773509078 -1.53026199333615 0
-0.237489866177767 -1.52586043884283 0
-0.222037284267865 -1.52131323080066 0
-0.206563220226461 -1.51661886767342 0
-0.191068902858815 -1.51177583672586 0
-0.175555598332444 -1.50678261433461 0
-0.160024611203778 -1.5016376663288 0
-0.144477285467429 -1.49633944836217 0
-0.128915005628027 -1.49088640631845 0
-0.11333919779458 -1.48527697675165 0
-0.0977513307971903 -1.47950958736333 0
-0.0821529173259459 -1.47358265751865 0
-0.066545515091701 -1.46749459880342 0
-0.0509307280083898 -1.46124381562403 0
-0.0353102073964337 -1.45482870585278 0
-0.0196856532067032 -1.44824766152056 0
-0.00405881526439734 -1.44149906955954 0
0.0115685054679119 -1.43458131259812 0
0.0271944556089369 -1.42749276981079 0
0.0428171280600348 -1.42023181782548 0
0.0584345606904063 -1.41279683169113 0
0.0740447350074242 -1.4051861859082 0
0.0896455748135368 -1.39739825552507 0
0.10523494485137 -1.38943141730316 0
0.120810649438833 -1.38128405095394 0
0.136370431096233 -1.37295454045066 0
0.151911969167604 -1.3644412754182 0
0.167432878438704 -1.35574265260406 0
0.182930707754342 -1.34685707743379 0
0.198402938637964 -1.33778296565411 0
0.213846983916714 -1.32851874506711 0
0.229260186355419 -1.31906285735876 0
0.244639817303309 -1.3094137600251 0
0.259983075357541 -1.29956992839953 0
0.275287085047963 -1.28952985778432 0
0.290548895547887 -1.27929206568976 0
0.305765479415992 -1.26885509418409 0
0.320933731374886 -1.25821751235732 0
0.336050467132205 -1.24737791890193 0
0.351112422250577 -1.2363349448134 0
0.366116251073162 -1.22508725621317 0
0.381058525711944 -1.21363355729658 0
0.395935735106372 -1.20197259340814 0
0.4107442841604 -1.190103154246 0
0.425480492966469 -1.17802407719746 0
0.440140596125393 -1.16573425080676 0
0.454720742171614 -1.15323261837622 0
0.469216993113758 -1.14051818170114 0
0.483625324100876 -1.12759000493846 0
0.497941623225212 -1.1144472186088 0
0.512161691472816 -1.10108902373054 0
0.526281242833707 -1.08751469608423 0
0.540295904583735 -1.07372359060472 0
0.554201217750653 -1.05971514589785 0
0.56799263777726 -1.04548888887714 0
0.581665535394786 -1.03104443951582 0
0.595215197719946 -1.01638151570765 0
0.60863682958928 -1.00149993822967 0
0.621925555144554 -0.986399635798406 0
0.635076419683022 -0.97108065021008 0
0.648084391786375 -0.955543141554107 0
0.660944365742036 -0.939787393487773 0
0.673651164270292 -0.923813818558686 0
0.686199541570373 -0.907622963560138 0
0.69858418669817 -0.891215514903077 0
0.710799727287686 -0.874592303986875 0
0.722840733627564 -0.857754312549574 0
0.734701723103174 -0.840702677976747 0
0.746377165013676 -0.823438698546599 0
0.757861485772272 -0.80596383858739 0
0.769149074496455 -0.788279733521803 0
0.780234288993482 -0.770388194771423 0
0.791111462144563 -0.752291214493146 0
0.801774908689257 -0.733990970118021 0
0.812218932409479 -0.715489828661918 0
0.82243783371014 -0.696790350776324 0
0.832425917590992 -0.67789529450672 0
0.842177502001508 -0.658807618725329 0
0.851686926567825 -0.639530486204475 0
0.860948561677774 -0.620067266296626 0
0.8699568179069 -0.600421537187142 0
0.878706155765134 -0.580597087686083 0
0.887191095740503 -0.560597918525997 0
0.895406228612869 -0.540428243133579 0
0.903346226007322 -0.520092487844286 0
0.911005851153486 -0.49959529153069 0
0.918379969813696 -0.478941504617278 0
0.925463561339773 -0.458136187456802 0
0.93225172981508 -0.437184608045995 0
0.938739715235641 -0.416092239061595 0
0.944922904681486 -0.394864754201046 0
0.950796843426988 -0.373508023816091 0
0.956357245936945 -0.352028109831568 0
0.961600006693512 -0.33043125994615 0
0.96652121079779 -0.308723901116456 0
0.971117144289147 -0.28691263233082 0
0.975384304124988 -0.265004216684112 0
0.979319407763944 -0.243005572770126 0
0.982919402296149 -0.220923765413325 0
0.986181473065637 -0.198765995766941 0
0.989103051731685 -0.176539590809591 0
0.991681823718418 -0.154251992277606 0
0.993915735004899 -0.13191074507509 0
0.995802998211489 -0.109523485208276 0
0.99734209794222 -0.0870979272950162 0
0.998531795347419 -0.0646418517040202 0
0.999371131875723 -0.0421630913819047 0
0.999859432189862 -0.0196695184289646 0
0.999996306226174 0.00283096951305235 0
