1 0 0
0.999296946902786 0.045 0
0.997190001211234 0.0899367786016912 0
0.993686018284608 0.134747526936964 0
0.988796332021612 0.17937030832143 0
0.982536617896278 0.223744473671846 0
0.974926706423422 0.267811052714283 0
0.96599035199847 0.311513114307723 0
0.955754963061093 0.354796090299484 0
0.944251300271349 0.397608058568374 0
0.931513149842862 0.439899982231726 0
0.91757697934988 0.48162590332648 0
0.902481583230039 0.522743090560613 0
0.886267724871869 0.563212141916475 0
0.868977781645268 0.602997043930602 0
0.850655398549646 0.642065190346672 0
0.831345155366099 0.680387363523851 0
0.811092251353021 0.717937682478023 0
0.7899422106616 0.754693521744962 0
0.767940610804973 0.790635405397252 0
0.745132835721975 0.825746880541085 0
0.721563854255158 0.860014374489235 0
0.697278024227748 0.893427039577949 0
0.67231892176335 0.925976589293435 0
0.646729195047712 0.957657129021781 0
0.620550441381358 0.988464984355499 0
0.593823106109539 1.01839852949854 0
0.566586401833486 1.04745801792429 0
0.538878246194661 1.07564541706906 0
0.510735216471305 1.10296424849568 0
0.482192519223681 1.12941943464304 0
0.453283973261161 1.15501715299173 0
0.424042004271611 1.17976469822442 0
0.394497649543225 1.20367035274229 0
0.364680571314146 1.22674326571397 0
0.334619077399784 1.24899334068031 0
0.304340147867025 1.27043113161248 0
0.273869466644426 1.29106774722124 0
0.243231457075185 1.31091476323783 0
0.212449320532774 1.32998414232894 0
0.181545077326107 1.34828816126733 0
0.150539609220906 1.36583934495239 0
0.11945270299591 1.38265040686013 0
0.0883030945364854 1.39873419549591 0
0.0571085130440334 1.41410364642561 0
0.0258857250075694 1.42877173946871 0
-0.00534942235570691 1.44275146064944 0
-0.0365819584306598 1.4560557685184 0
-0.0677977474982944 1.46869756447509 0
-0.0989834481459178 1.48068966674229 0
-0.130126473910376 1.49204478766383 0
-0.161214955241053 1.50277551401881 0
-0.192237702843441 1.51289429006666 0
-0.223184172442182 1.52241340305807 0
-0.254044430984041 1.5313449709674 0
-0.28480912428588 1.53970093222155 0
-0.315469446120059 1.54749303721866 0
-0.346017108719269 1.55473284144779 0
-0.376444314674498 1.56143170003708 0
-0.406743730193183 1.56760076357319 0
-0.436908459679483 1.57325097504933 0
-0.466932021594719 1.5783930678124 0
-0.496808325553233 1.58303756439188 0
-0.526531650607014 1.58719477610466 0
-0.556096624671261 1.59087480334011 0
-0.585498205042551 1.59408753643934 0
-0.614731659961243 1.59684265709122 0
-0.643792551170153 1.59914964017554 0
-0.672676717422269 1.60101775599109 0
-0.701380258891287 1.60245607281277 0
-0.72989952243995 1.60347345972792 0
-0.758231087702543 1.60407858970728 0
-0.786371753939394 1.60427994287103 0
-0.814318527622781 1.60408580991452 0
-0.842068610715279 1.60350429566259 0
-0.869619389603221 1.60254332272455 0
-0.896968424649592 1.60121063522538 0
-0.924113440332341 1.59951380259163 0
-0.951052315935708 1.59746022337276 0
-0.977783076763738 1.59505712908152 0
-1.00430388584676 1.59231158803845 0
-1.03061303611302 1.58923050920806 0
-1.05670894299926 1.58582064601541 0
-1.08259013747527 1.58208860013367 0
-1.10825525945889 1.57804082523438 0
-1.13370305159924 1.57368363069336 0
-1.15893235340706 1.56902318524638 0
-1.18394209571251 1.56406552058949 0
-1.2087312954314 1.55881653491992 0
-1.23329905062245 1.55328199641397 0
-1.25764453581877 1.54746754663928 0
-1.28176699761791 1.54137870389924 0
-1.3056657505157 1.53502086650773 0
-1.32934017296981 1.52839931599324 0
-1.35278970368013 1.52151922023123 0
-1.3760138380733 1.51438563650454 0
-1.39901212498007 1.50700351449154 0
-1.4217841634942 1.49937769918209 0
-1.44432960000285 1.49151293372177 0
-1.46664812537851 1.48341386218483 0
-1.48873947232348 1.47508503227651 0
-1.51060341285822 1.46653089796573 0
-1.53223975594541 1.45775582204899 0
-1.55364834524215 1.44876407864666 0
-1.57482905697309 1.43955985563274 0
-1.59578179791773 1.43014725699938 0
-1.61650650350538 1.42053030515747 0
-1.63700313601205 1.41071294317465 0
-1.65727168285331 1.40069903695207 0
-1.67731215496797 1.3904923773413 0
-1.69712458528756 1.38009668220298 0
-1.71670902728676 1.36951559840841 0
-1.73606555361047 1.35875270378563 0
-1.75519425477321 1.34781150901155 0
-1.77409523792693 1.33669545945132 0
-1.79276862569352 1.32540793694652 0
-1.81121455505848 1.31395226155365 0
-1.82943317632241 1.30233169323403 0
-1.84742465210725 1.29054943349685 0
-1.86518915641422 1.27860862699644 0
-1.88272687373082 1.26651236308521 0
-1.90003799818414 1.25426367732356 0
-1.91712273273798 1.241865552948 0
-1.93398128843164 1.2293209222988 0
-1.95061388365787 1.21663266820831 0
-1.96702074347817 1.20380362535123 0
-1.98320209897332 1.19083658155792 0
-1.99915818662725 1.17773427909194 0
-2.01488924774266 1.16449941589293 0
-2.03039552788652 1.15113464678593 0
-2.04567727636405 1.1376425846581 0
-2.06073474571957 1.12402580160395 0
-2.07556819126293 1.11028683004013 0
-2.09017787062005 1.0964281637906 0
-2.10456404330651 1.0824522591432 0
-2.11872697032281 1.06836153587865 0
-2.13266691377024 1.05415837827259 0
-2.14638413648644 1.03984513607184 0
-2.15987890169936 1.02542412544551 0
-2.17315147269894 1.01089762991182 0
-2.18620211252546 0.996267901241522 0
-2.19903108367374 0.981537160338473 0
-2.21163864781238 0.966707598098377 0
-2.22402506551732 0.951781376246192 0
-2.23619059601886 0.936760628153025 0
-2.2481354969617 0.921647459633146 0
-2.25986002417703 0.906443949721806 0
-2.27136443146632 0.891152151434479 0
-2.28264897039611 0.875774092508164 0
-2.29371389010326 0.860311776125332 0
-2.3045594371101 0.844767181621124 0
-2.31518585514906 0.829142265174349 0
-2.32559338499625 0.813438960482836 0
-2.33578226431356 0.797659179423678 0
-2.34575272749882 0.781804812698889 0
-2.35550500554372 0.765877730466962 0
-2.36503932589897 0.749879782960831 0
-2.37435591234642 0.733812801092709 0
-2.38345498487781 0.717678597046252 0
-2.39233675957977 0.70147896485651 0
-2.40100144852478 0.685215680978093 0
-2.40944925966782 0.668890504841968 0
-2.41768039674838 0.652505179401317 0
-2.42569505919768 0.636061431666829 0
-2.43349344205064 0.61956097323184 0
-2.44107573586262 0.60300550078768 0
-2.44844212663048 0.586396696629606 0
-2.4555927957179 0.569736229153677 0
-2.46252791978469 0.553025753344912 0
-2.46924767071987 0.536266911257088 0
-2.47575221557841 0.519461332484489 0
-2.48204171652145 0.502610634625948 0
-2.48811633075972 0.485716423741485 0
-2.49397621050022 0.468780294801853 0
-2.49962150289576 0.451803832131295 0
-2.50505234999745 0.434788609843803 0
-2.51026888870989 0.417736192273168 0
-2.51527125074892 0.400648134397101 0
-2.52005956260185 0.383525982255698 0
-2.52463394549017 0.366371273364529 0
-2.52899451533437 0.349185537122598 0
-2.53314138272103 0.331970295215448 0
-2.53707465287199 0.31472706201366 0
-2.54079442561547 0.29745734496699 0
-2.54430079535913 0.280162644994398 0
-2.54759385106497 0.262844456870209 0
-2.55067367622598 0.245504269606635 0
-2.55354034884453 0.228143566832899 0
-2.55619394141238 0.210763827171196 0
-2.55863452089225 0.193366524609702 0
-2.56086214870098 0.175953128872876 0
-2.56287688069415 0.158525105789257 0
-2.56467876715213 0.141083917656989 0
-2.56626785276759 0.123631023607292 0
-2.56764417663433 0.106167879966072 0
-2.56880777223745 0.0886959406139219 0
-2.5697586674449 0.0712166573446823 0
-2.57049688450024 0.0537314802228059 0
-2.5710224400167 0.0362418579397159 0
-2.57133534497254 0.0187492381693729 0
-2.57143560470758 0.00125506792325712 0
-2.57132321892102 -0.016239206095028 0
-2.57099818167044 -0.0337321371353249 0
-2.57046048137211 -0.051222278046456 0
-2.5697101008024 -0.068708180921518 0
-2.56874701710057 -0.0861883967427297 0
-2.56757120177269 -0.103661475025625 0
-2.5661826206969 -0.121125963462387 0
-2.56458123412987 -0.138580407564109 0
-2.5627669967146 -0.15602335030178 0
-2.56073985748956 -0.173453331745777 0
-2.55849975989908 -0.190868888703661 0
-2.55604664180524 -0.208268554356049 0
-2.55338043550108 -0.225650857890363 0
-2.55050106772532 -0.243014324132225 0
-2.5474084596785 -0.260357473174279 0
-2.54410252704077 -0.277678820002235 0
-2.54058317999116 -0.294976874117877 0
-2.53685032322862 -0.312250139158838 0
-2.53290385599465 -0.329497112514898 0
-2.5287436720978 -0.346716284940557 0
-2.52436965994002 -0.363906140163672 0
-2.51978170254482 -0.381065154489893 0
-2.51497967758762 -0.398191796402655 0
-2.50996345742801 -0.415284526158486 0
-2.50473290914434 -0.432341795377361 0
-2.49928789457052 -0.449362046627852 0
-2.49362827033517 -0.466343713006798 0
-2.48775388790343 -0.483285217713233 0
-2.48166459362116 -0.500184973616288 0
-2.47536022876209 -0.517041382816787 0
-2.46884062957771 -0.533852836202245 0
-2.46210562735023 -0.550617712994973 0
-2.45515504844868 -0.567334380292986 0
-2.44798871438836 -0.584001192603402 0
-2.44060644189372 -0.600616491368018 0
-2.43300804296495 -0.61717860448073 0
-2.42519332494834 -0.633685845796466 0
-2.41716209061079 -0.650136514631289 0
-2.40891413821841 -0.66652889525332 0
-2.40044926161972 -0.682861256364106 0
-2.39176725033341 -0.699131850570085 0
-2.38286788964114 -0.715338913843736 0
-2.37375096068538 -0.731480664974053 0
-2.36441624057284 -0.74755530500591 0
-2.35486350248353 -0.763561016667926 0
-2.34509251578585 -0.779495963788385 0
-2.33510304615806 -0.795358290698784 0
-2.32489485571639 -0.811146121624545 0
-2.31446770315016 -0.826857560062439 0
-2.30382134386428 -0.842490688144229 0
-2.29295553012954 -0.858043565986048 0
-2.28187001124107 -0.873514231022995 0
-2.27056453368535 -0.888900697328436 0
-2.2590388413164 -0.90420095491745 0
-2.24729267554139 -0.919412969033895 0
-2.23532577551636 -0.934534679420479 0
-2.22313787835249 -0.949563999571287 0
-2.21072871933353 -0.964498815966125 0
-2.19809803214493 -0.979336987286059 0
-2.18524554911536 -0.99407634360951 0
-2.17217100147121 -1.00871468558823 0
-2.15887411960482 -1.02324978360249 0
-2.14535463335718 -1.03767937689468 0
-2.1316122723158 -1.05200117268079 0
-2.11764676612869 -1.06621284523876 0
-2.10345784483518 -1.08031203497313 0
-2.08904523921459 -1.09429634745508 0
-2.07440868115374 -1.10816335243709 0
-2.0595479040342 -1.12191058284129 0
-2.04446264314042 -1.13553553372078 0
-2.02915263608999 -1.14903566119277 0
-2.01361762328702 -1.16240838134294 0
-1.99785734840007 -1.1756510690997 0
-1.981871558866 -1.18876105707771 0
-1.96566000642094 -1.20173563438936 0
-1.94922244766024 -1.21457204542342 0
-1.93255864462868 -1.22726748858954 0
-1.91566836544276 -1.23981911502778 0
-1.8985513849469 -1.25222402728177 0
-1.88120748540535 -1.26447927793457 0
-1.86363645723188 -1.27658186820587 0
-1.84583809975928 -1.28852874650951 0
-1.82781222205108 -1.30031680696982 0
-1.80955864375766 -1.31194288789581 0
-1.79107719601948 -1.32340377021165 0
-1.77236772241991 -1.3346961758423 0
-1.75343007999065 -1.34581676605285 0
-1.73426414027261 -1.35676213974025 0
-1.71486979043561 -1.36752883167594 0
-1.69524693446 -1.37811331069821 0
-1.67539549438408 -1.3885119778525 0
-1.65531541162091 -1.39872116447858 0
-1.63500664834863 -1.40873713024286 0
-1.6144691889785 -1.41855606111457 0
-1.59370304170533 -1.42817406728426 0
-1.57270824014489 -1.43758718102319 0
-1.55148484506365 -1.4467913544822 0
-1.53003294620611 -1.45578245742862 0
-1.50835266422557 -1.4645562749198 0
-1.48644415272437 -1.47310850491199 0
-1.46430760041018 -1.48143475580318 0
-1.44194323337523 -1.4895305439087 0
-1.41935131750575 -1.49739129086845 0
-1.3965321610294 -1.50501232098458 0
-1.37348611720906 -1.51238885848876 0
-1.35021358719164 -1.51951602473818 0
-1.32671502302129 -1.52638883533953 0
-1.30299093082696 -1.53300219720054 0
-1.27904187419467 -1.53935090550878 0
-1.25486847773594 -1.54542964063757 0
-1.23047143086394 -1.55123296497933 0
-1.20585149179027 -1.55675531970684 0
-1.18100949175543 -1.56199102146337 0
-1.15594633950755 -1.56693425898287 0
-1.13066302604411 -1.57157908964217 0
-1.10516062963297 -1.57591943594735 0
-1.07944032112942 -1.57994908195732 0
-1.05350336960746 -1.58366166964813 0
-1.02735114832429 -1.58705069522236 0
-1.00098514103826 -1.59010950536901 0
-0.974406948701713 -1.59283129347983 0
-0.947618296551421 -1.59520909582968 0
-0.920621041620538 -1.59723578772922 0
-0.893417180697492 -1.59890407966012 0
-0.866008858758561 -1.600206513404 0
-0.838398377902395 -1.60113545817852 0
-0.810588206816287 -1.60168310679566 0
-0.782580990805529 -1.60184147185946 0
-0.754379562418835 -1.60160238202307 0
-0.725986952704436 -1.60095747832733 0
-0.697406403133117 -1.59989821064631 0
-0.66864137822612 -1.59841583426857 0
-0.639695578927514 -1.59650140664644 0
-0.610572956762205 -1.59414578434971 0
-0.581277728822372 -1.59133962026488 0
-0.551814393626544 -1.58807336108584 0
-0.522187747896896 -1.58433724514749 0
-0.492402904301493 -1.58012130066003 0
-0.462465310209188 -1.57541534440823 0
-0.432380767505515 -1.57020898098743 0
-0.402155453518229 -1.56449160265624 0
-0.371795943101005 -1.55825238989477 0
-0.341309231923136 -1.55148031276686 0
-0.31070276101169 -1.54416413319577 0
-0.279984442590504 -1.53629240827394 0
-0.24916268725725 -1.52785349474031 0
-0.218246432535664 -1.51883555477234 0
-0.187245172834438 -1.50922656325416 0
-0.156168990837249 -1.49901431669864 0
-0.125028590339443 -1.48818644401736 0
-0.0938353305359498 -1.47673041935081 0
-0.0626012617515094 -1.4646335771899 0
-0.0313391625881263 -1.4518831300395 0
-6.25784451985797e-05 -1.43846618889548 0
0.0312141386552356 -1.42436978682777 0
0.0624757890328491 -1.40958090598339 0
0.0937062832294152 -1.39408650834461 0
0.124888598968538 -1.37787357059867 0
0.15600473740055 -1.36092912349455 0
0.187035678887137 -1.34324029608092 0
0.217961338635739 -1.3247943652343 0
0.24876052255648 -1.30557881089781 0
0.279410883784764 -1.28558137745789 0
0.309888880390991 -1.26479014168584 0
0.340169734885326 -1.24319358766325 0
0.370227396219934 -1.2207806890917 0
0.40003450509328 -1.19754099935649 0
0.429562363470253 -1.1734647496684 0
0.458780909346733 -1.14854295554406 0
0.487658697906094 -1.12276753180205 0
0.516162890335483 -1.09613141614443 0
0.544259251688323 -1.06862870126002 0
0.57191215929214 -1.0402547752232 0
0.59908462330237 -1.0110064697675 0
0.625738321086931 -0.980882215785965 0
0.6518336471858 -0.949882205148129 0
0.677329780616053 -0.918008557627314 0
0.702184771276579 -0.885265491404146 0
0.726355647137802 -0.851659495255669 0
0.749798543769891 -0.817199500161646 0
0.772468857557847 -0.781897047669191 0
0.794321423664207 -0.745766451966531 0
0.815310719422185 -0.708824952241987 0
0.835391093369031 -0.671092851564254 0
0.854517019559969 -0.632593638236624 0
0.872643376141226 -0.593354085375205 0
0.889725746416019 -0.553404324364851 0
0.905720739826781 -0.512777887881844 0
0.920586329424356 -0.471511718362513 0
0.934282201531985 -0.429646138161187 0
0.946770112476997 -0.387224778191671 0
0.958014246500026 -0.344294462587664 0
0.967981568307427 -0.300905047842104 0
0.976642163254736 -0.257109215973934 0
0.983969557881757 -0.21296222249076 0
0.989941013500162 -0.168521601222436 0
0.99453778578856 -0.123846829437823 0
0.997745343889303 -0.0789989579612828 0
0.999553543320801 -0.0340402122092828 0
0.999956748095401 0.0109664288954752 0
