1 0 0
0.999956059181424 0.01125 0
0.999824245376667 0.0224990113837246 0
0.999604585461067 0.0337460459389462 0
0.999297124204256 0.0449901163149203 0
0.99890192423581 0.0562302364518376 0
0.998419065997239 0.0674654220087155 0
0.997848647680402 0.0786946907892155 0
0.997190785152455 0.0899170631648763 0
0.996445611867462 0.10113156249526 0
0.99561327876482 0.112337215544514 0
0.994693954154665 0.123533052893866 0
0.993687823590478 0.134718109349561 0
0.99259508972907 0.145891424345792 0
0.99141597217823 0.157052042342153 0
0.990150707332244 0.168199013215174 0
0.988799548195607 0.179331392643518 0
0.987362764195186 0.190448242486403 0
0.985840640981163 0.201548631154882 0
0.984233480217087 0.212631633975557 0
0.982541599359364 0.223696333546397 0
0.98076533142656 0.234741820084284 0
0.978905024758869 0.245767191763966 0
0.97696104276815 0.256771555048103 0
0.974933763678904 0.267754025008111 0
0.972823580260617 0.278713725635526 0
0.970630899551864 0.289649790143639 0
0.968356142576615 0.300561361259158 0
0.965999744053149 0.311447591503689 0
0.963562152096033 0.322307643464846 0
0.961043827911587 0.333140690056796 0
0.958445245487293 0.343945914770111 0
0.955766891275574 0.354722511910774 0
0.953009263872417 0.365469686828236 0
0.950172873691261 0.376186656132429 0
0.947258242632609 0.386872647899661 0
0.944265903749817 0.397526901867339 0
0.941196400911486 0.408148669617494 0
0.938050288460906 0.418737214749079 0
0.934828130872995 0.429291813039059 0
0.931530502409143 0.439811752592306 0
0.928157986770405 0.450296333980338 0
0.924711176749448 0.460744870368965 0
0.921190673881673 0.471156687634911 0
0.917597088095898 0.4815311244715 0
0.913931037365011 0.491867532483515 0
0.91019314735697 0.502165276271344 0
0.906384051086517 0.51242373350455 0
0.902504388567985 0.522642294985013 0
0.898554806469536 0.532820364699793 0
0.894535957769171 0.542957359863899 0
0.890448501412859 0.55305271095314 0
0.886293101975072 0.563105861727244 0
0.882070429322062 0.573116269243458 0
0.877781158278148 0.583083403860836 0
0.873425968295305 0.593006749235434 0
0.869005543126317 0.60288580230664 0
0.864520570501745 0.612720073274868 0
0.859971741810961 0.622509085570872 0
0.855359751787452 0.6322523758169 0
0.850685298198636 0.641949493779965 0
0.845949081540365 0.65160000231747 0
0.841151804736322 0.661203477315443 0
0.83629417284247 0.670759507619665 0
0.831376892756724 0.680267694959919 0
0.826400672933998 0.689727653867658 0
0.821366223106745 0.699139011587333 0
0.816274254011138 0.708501407981658 0
0.811125477118984 0.717814495431078 0
0.805920604375481 0.727077938727693 0
0.8006603479429 0.736291414963924 0
0.795345419950277 0.745454613416154 0
0.789976532249171 0.754567235423634 0
0.784554396175549 0.763628994262884 0
0.779079722317841 0.772639615017868 0
0.7735532202912 0.781598834446177 0
0.767975598517993 0.790506400841477 0
0.762347564014533 0.799362073892466 0
0.756669822184068 0.808165624538572 0
0.750943076616019 0.816916834822646 0
0.745168028891451 0.825615497740852 0
0.739345378394775 0.834261417090015 0
0.733475822131639 0.842854407312623 0
0.727560054552983 0.851394293339702 0
0.721598767385222 0.859880910431787 0
0.715592649466496 0.868314104018188 0
0.709542386588959 0.876693729534737 0
0.703448661347022 0.885019652260237 0
0.697312152991509 0.893291747151775 0
0.691133537289645 0.901509898679094 0
0.684913486390811 0.909674000658199 0
0.678652668697984 0.917783956084365 0
0.67235174874478 0.925839676964712 0
0.666011387078018 0.933841084150504 0
0.659632240145726 0.941788107169322 0
0.653214960190472 0.949680684057268 0
0.646760195147958 0.957518761191327 0
0.640268588550756 0.965302293122021 0
0.633740779437099 0.973031242406503 0
0.627177402264626 0.98070557944219 0
0.620579086828976 0.988325282301059 0
0.613946458187122 0.995890336564735 0
0.60728013658536 1.00340073516045 0
0.600580737391816 1.01085647819798 0
0.593848871033394 1.01825757280768 0
0.587085142937039 1.02560403297971 0
0.58029015347522 1.0328958794044 0
0.573464497915504 1.04013313931414 0
0.566608766374148 1.04731584632649 0
0.55972354377356 1.0544440402889 0
0.552809409803558 1.06151776712492 0
0.545866938886296 1.06853707868201 0
0.538896700144757 1.07550203258106 0
0.531899257374716 1.08241269206756 0
0.524875169020054 1.08926912586461 0
0.517824988151327 1.09607140802768 0
0.510749262447488 1.10281961780123 0
0.503648534180654 1.10951383947725 0
0.496523340203821 1.11615416225572 0
0.489374211941434 1.12274068010695 0
0.482201675382695 1.12927349163598 0
0.475006251077537 1.13575269994896 0
0.467788454135149 1.1421784125215 0
0.460548794224972 1.14855074106918 0
0.453287775580059 1.15486980141993 0
0.446005897002731 1.16113571338869 0
0.438703651872413 1.16734860065396 0
0.431381528155594 1.17350859063655 0
0.424040008417791 1.17961581438036 0
0.41667956983747 1.18567040643526 0
0.409300684221811 1.19167250474212 0
0.40190381802426 1.1976222505198 0
0.394489432363775 1.20351978815436 0
0.387057983045702 1.20936526509026 0
0.379609920584194 1.21515883172367 0
0.372145690226115 1.22090064129786 0
0.364665731976343 1.22659084980056 0
0.357170480624419 1.2322296158635 0
0.349660365772462 1.23781710066382 0
0.342135811864292 1.24335346782765 0
0.334597238215697 1.24883888333556 0
0.327045059045778 1.25427351543005 0
0.319479683509322 1.25965753452504 0
0.311901515730131 1.26499111311722 0
0.304310954835264 1.2702744256994 0
0.29670839499013 1.27550764867573 0
0.289094225434381 1.28069096027881 0
0.281468830518555 1.28582454048869 0
0.273832589741416 1.29090857095367 0
0.266185877787946 1.29594323491295 0
0.258529064567943 1.30092871712107 0
0.250862515255179 1.30586520377409 0
0.24318659032707 1.31075288243759 0
0.235501645604829 1.31559194197628 0
0.227808032294048 1.32038257248547 0
0.220106097025675 1.32512496522401 0
0.21239618189735 1.32981931254907 0
0.204678624515065 1.33446580785241 0
0.196953758035109 1.33906464549832 0
0.189221911206265 1.34361602076306 0
0.181483408412233 1.34812012977595 0
0.173738569714236 1.35257716946185 0
0.165987710893794 1.35698733748523 0
0.158231143495627 1.36135083219568 0
0.150469174870658 1.36566785257482 0
0.142702108219104 1.3699385981847 0
0.13493024263361 1.3741632691175 0
0.12715387314242 1.37834206594667 0
0.119373290752545 1.38247518967934 0
0.111588782492928 1.38656284171011 0
0.103800631457555 1.39060522377608 0
0.0960091168485246 1.39460253791313 0
0.0882145140190282 1.39855498641348 0
0.0804170945162434 1.40246277178445 0
0.0726171261241108 1.40632609670834 0
0.064814872905983 1.41014516400359 0
0.0570105952471283 1.41392017658698 0
0.0492045498970748 1.41765133743699 0
0.04139699001178 1.42133884955823 0
0.0335881651956124 1.42498291594695 0
0.0257783215431328 1.4285837395576 0
0.017967701680663 1.43214152327042 0
0.0101565448076305 1.43565646985995 0
0.00234508673767728 1.43912878196465 0
-0.0054664400604753 1.44255866205738 0
-0.0132778064224171 1.44594631241684 0
-0.0210887864477033 1.44929193509991 0
-0.0288991574597808 1.45259573191491 0
-0.0367086999661945 1.45585790439571 0
-0.0445171976190817 1.45907865377672 0
-0.0523244371759598 1.46225818096866 0
-0.0601302084608159 1.46539668653518 0
-0.0679343043255025 1.46849437067027 0
-0.0757365206114461 1.47155143317642 0
-0.0835366561116721 1.4745680734436 0
-0.0913345125331531 1.47754449042887 0
-0.0991298944594823 1.48048088263679 0
-0.106922609313878 1.48337744810055 0
-0.114712467322521 1.48623438436369 0
-0.12249928147823 1.48905188846256 0
-0.130282867504476 1.49183015690941 0
-0.138063043819739 1.49456938567615 0
-0.145839631502208 1.49726977017863 0
-0.153612454254833 1.49993150526166 0
-0.161381338370716 1.50255478518447 0
-0.16914611269886 1.50513980360689 0
-0.176906608610264 1.50768675357595 0
-0.18466265996437 1.51019582751312 0
-0.192414103075865 1.51266721720206 0
-0.20016077668183 1.51510111377682 0
-0.207902521909247 1.51749770771064 0
-0.215639182242859 1.51985718880516 0
-0.223370603493375 1.52217974618014 0
-0.231096633766038 1.52446556826365 0
-0.238817123429538 1.52671484278266 0
-0.246531925085275 1.52892775675416 0
-0.254240893536977 1.53110449647658 0
-0.261943885760663 1.53324524752174 0
-0.269640760874956 1.53535019472715 0
-0.277331380111743 1.53741952218868 0
-0.285015606787177 1.53945341325365 0
-0.292693306273024 1.54145205051429 0
-0.300364345968359 1.54341561580153 0
-0.308028595271585 1.54534429017913 0
-0.315685925552812 1.54723825393824 0
-0.323336210126556 1.54909768659215 0
-0.330979324224778 1.55092276687147 0
-0.338615144970254 1.55271367271959 0
-0.346243551350282 1.5544705812884 0
-0.353864424190703 1.55619366893437 0
-0.361477646130259 1.55788311121488 0
-0.369083101595269 1.55953908288481 0
-0.376680676774627 1.56116175789342 0
-0.384270259595114 1.5627513093815 0
-0.391851739697034 1.56430790967873 0
-0.399425008410151 1.56583173030135 0
-0.406989958729946 1.56732294194999 0
-0.414546485294174 1.56878171450778 0
-0.422094484359735 1.57020821703869 0
-0.429633853779831 1.57160261778604 0
-0.437164492981441 1.57296508417124 0
-0.444686302943076 1.57429578279276 0
-0.452199186172836 1.57559487942527 0
-0.459703046686756 1.57686253901894 0
-0.467197789987439 1.578098925699 0
-0.474683323042969 1.5793042027654 0
-0.482159554266116 1.5804785326927 0
-0.489626393493809 1.58162207713007 0
-0.497083751966889 1.58273499690152 0
-0.504531542310138 1.58381745200622 0
-0.511969678512574 1.58486960161901 0
-0.519398075908011 1.58589160409104 0
-0.526816651155891 1.58688361695055 0
-0.534225322222366 1.58784579690381 0
-0.541624008361645 1.58877829983614 0
-0.5490126300976 1.5896812808131 0
-0.556391109205612 1.59055489408181 0
-0.563759368694676 1.59139929307232 0
-0.571117332789751 1.59221463039918 0
-0.578464926914349 1.59300105786306 0
-0.585802077673368 1.5937587264525 0
-0.593128712836165 1.59448778634576 0
-0.600444761319855 1.59518838691276 0
-0.607750153172852 1.59586067671709 0
-0.615044819558633 1.59650480351821 0
-0.622328692739729 1.59712091427357 0
-0.629601706061939 1.59770915514099 0
-0.63686379393877 1.598269671481 0
-0.644114891836084 1.59880260785931 0
-0.651354936256971 1.59930810804933 0
-0.658583864726828 1.59978631503478 0
-0.665801615778648 1.60023737101237 0
-0.67300812893852 1.6006614173945 0
-0.680203344711327 1.60105859481211 0
-0.687387204566651 1.60142904311749 0
-0.694559650924873 1.60177290138725 0
-0.701720627143473 1.60209030792523 0
-0.70887007750352 1.60238140026557 0
-0.716007947196355 1.60264631517576 0
-0.723134182310464 1.60288518865976 0
-0.730248729818532 1.6030981559612 0
-0.73735153756469 1.60328535156654 0
-0.744442554251931 1.60344690920836 0
-0.751521729429716 1.60358296186863 0
-0.758589013481748 1.60369364178203 0
-0.765644357613924 1.60377908043936 0
-0.772687713842459 1.60383940859086 0
-0.779719034982178 1.60387475624972 0
-0.786738274634972 1.60388525269546 0
-0.793745387178425 1.60387102647747 0
-0.800740327754595 1.60383220541849 0
-0.807723052258965 1.60376891661816 0
-0.814693517329544 1.60368128645659 0
-0.821651680336125 1.6035694405979 0
-0.8285974993697 1.60343350399386 0
-0.835530933232023 1.6032736008875 0
-0.842451941425323 1.60308985481674 0
-0.849360484142167 1.60288238861803 0
-0.856256522255459 1.60265132443005 0
-0.863140017308599 1.60239678369736 0
-0.870010931505761 1.60211888717411 0
-0.87686922770233 1.60181775492773 0
-0.883714869395467 1.60149350634267 0
-0.890547820714803 1.60114626012408 0
-0.897368046413282 1.60077613430158 0
-0.904175511858122 1.60038324623297 0
-0.910970183021907 1.59996771260798 0
-0.917752026473815 1.59952964945203 0
-0.924521009370965 1.59906917212996 0
-0.931277099449885 1.59858639534979 0
-0.93802026501811 1.59808143316647 0
-0.944750474945897 1.59755439898567 0
-0.951467698658058 1.59700540556748 0
-0.95817190612591 1.59643456503022 0
-0.964863067859339 1.59584198885414 0
-0.971541154898984 1.59522778788524 0
-0.978206138808526 1.59459207233894 0
-0.984857991667091 1.59393495180391 0
-0.991496686061758 1.59325653524574 0
-0.998122195080182 1.59255693101073 0
-1.00473449230331 1.59183624682958 0
-1.01133355179823 1.59109458982115 0
-1.01791934811106 1.59033206649618 0
-1.02449185626002 1.58954878276095 0
-1.03105105172856 1.58874484392107 0
-1.03759691045856 1.5879203546851 0
-1.04412940884368 1.58707541916828 0
-1.05064852372279 1.5862101408962 0
-1.05715423237345 1.58532462280846 0
-1.06364651250556 1.58441896726235 0
-1.07012534225504 1.58349327603648 0
-1.07659070017762 1.58254765033443 0
-1.08304256524272 1.58158219078836 0
-1.08948091682741 1.58059699746266 0
-1.09590573471048 1.57959216985752 0
-1.10231699906657 1.57856780691253 0
-1.10871469046036 1.57752400701027 0
-1.11509878984092 1.57646086797986 0
-1.12146927853607 1.57537848710054 0
-1.12782613824685 1.57427696110517 0
-1.13416935104205 1.57315638618379 0
-1.14049889935285 1.5720168579871 0
-1.1468147659675 1.57085847163 0
-1.15311693402611 1.56968132169504 0
-1.15940538701549 1.56848550223587 0
-1.16568010876403 1.56727110678076 0
-1.17194108343679 1.56603822833595 0
-1.17818829553045 1.56478695938917 0
-1.18442172986851 1.56351739191296 0
-1.19064137159651 1.56222961736809 0
-1.19684720617722 1.56092372670698 0
-1.20303921938606 1.55959981037698 0
-1.20921739730645 1.55825795832379 0
-1.21538172632532 1.55689825999472 0
-1.22153219312859 1.55552080434205 0
-1.22766878469682 1.5541256798263 0
-1.23379148830084 1.55271297441951 0
-1.23990029149748 1.5512827756085 0
-1.24599518212531 1.54983517039813 0
-1.25207614830057 1.5483702453145 0
-1.25814317841296 1.54688808640815 0
-1.26419626112168 1.54538877925732 0
-1.27023538535139 1.54387240897105 0
-1.27626054028832 1.54233906019235 0
-1.28227171537635 1.54078881710139 0
-1.28826890031324 1.53922176341856 0
-1.29425208504682 1.53763798240763 0
-1.30022125977129 1.5360375568788 0
-1.30617641492357 1.53442056919176 0
-1.31211754117967 1.53278710125881 0
-1.31804462945114 1.53113723454781 0
-1.32395767088158 1.52947105008526 0
-1.32985665684312 1.52778862845927 0
-1.33574157893309 1.52609004982256 0
-1.34161242897057 1.5243753938954 0
-1.34746919899314 1.52264473996859 0
-1.35331188125357 1.52089816690635 0
-1.35914046821663 1.51913575314927 0
-1.36495495255585 1.51735757671719 0
-1.37075532715045 1.51556371521206 0
-1.37654158508222 1.51375424582083 0
-1.38231371963245 1.51192924531826 0
-1.38807172427895 1.51008879006976 0
-1.39381559269309 1.50823295603421 0
-1.39954531873687 1.50636181876672 0
-1.40526089646 1.50447545342141 0
-1.41096232009713 1.50257393475418 0
-1.41664958406498 1.50065733712544 0
-1.42232268295961 1.49872573450281 0
-1.4279816115537 1.49677920046384 0
-1.43362636479383 1.49481780819868 0
-1.43925693779785 1.49284163051279 0
-1.44487332585229 1.49085073982953 0
-1.45047552440972 1.48884520819282 0
-1.45606352908627 1.48682510726977 0
-1.46163733565908 1.48479050835325 0
-1.46719694006387 1.4827414823645 0
-1.47274233839245 1.48067809985567 0
-1.47827352689036 1.47860043101239 0
-1.48379050195447 1.47650854565628 0
-1.48929326013065 1.47440251324748 0
-1.49478179811149 1.47228240288715 0
-1.50025611273397 1.47014828331993 0
-1.50571620097727 1.46800022293643 0
-1.51116205996052 1.46583828977566 0
-1.51659368694065 1.46366255152747 0
-1.52201107931022 1.46147307553497 0
-1.52741423459527 1.45926992879691 0
-1.5328031504533 1.4570531779701 0
-1.53817782467113 1.45482288937172 0
-1.5435382551629 1.45257912898174 0
-1.54888443996806 1.45032196244518 0
-1.55421637724939 1.44805145507452 0
-1.55953406529103 1.4457676718519 0
-1.56483750249657 1.4434706774315 0
-1.57012668738714 1.44116053614174 0
-1.57540161859956 1.43883731198759 0
-1.58066229488442 1.43650106865278 0
-1.58590871510436 1.43415186950204 0
-1.59114087823219 1.43178977758329 0
-1.59635878334913 1.42941485562988 0
-1.60156242964308 1.42702716606272 0
-1.60675181640691 1.42462677099245 0
-1.61192694303669 1.42221373222165 0
-1.61708780903009 1.41978811124688 0
-1.62223441398464 1.41734996926089 0
-1.62736675759617 1.41489936715467 0
-1.63248483965717 1.41243636551955 0
-1.63758866005517 1.4099610246493 0
-1.64267821877123 1.40747340454218 0
-1.64775351587833 1.40497356490295 0
-1.65281455153989 1.40246156514498 0
-1.65786132600824 1.3999374643922 0
-1.66289383962314 1.39740132148114 0
-1.66791209281031 1.39485319496292 0
-1.67291608608 1.39229314310519 0
-1.67790582002555 1.38972122389417 0
-1.68288129532198 1.38713749503651 0
-1.6878425127246 1.3845420139613 0
-1.69278947306766 1.38193483782195 0
-1.697722177263 1.3793160234981 0
-1.70264062629866 1.37668562759755 0
-1.70754482123766 1.3740437064581 0
-1.71243476321661 1.37139031614945 0
-1.71731045344449 1.36872551247503 0
-1.72217189320139 1.36604935097386 0
-1.7270190838372 1.36336188692239 0
-1.73185202677045 1.36066317533629 0
-1.73667072348708 1.35795327097227 0
-1.74147517553922 1.35523222832988 0
-1.74626538454404 1.35250010165327 0
-1.75104135218256 1.34975694493296 0
-1.75580308019851 1.3470028119076 0
-1.76055057039723 1.34423775606573 0
-1.76528382464448 1.34146183064748 0
-1.7700028448654 1.33867508864628 0
-1.77470763304341 1.33587758281061 0
-1.7793981912191 1.33306936564566 0
-1.78407452148923 1.330250489415 0
-1.78873662600561 1.32742100614228 0
-1.79338450697415 1.32458096761289 0
-1.79801816665378 1.32173042537557 0
-1.80263760735546 1.31886943074407 0
-1.80724283144122 1.31599803479877 0
-1.81183384132314 1.31311628838831 0
-1.81641063946241 1.31022424213112 0
-1.82097322836837 1.30732194641713 0
-1.82552161059758 1.30440945140921 0
-1.83005578875287 1.30148680704485 0
-1.83457576548248 1.29855406303765 0
-1.83908154347907 1.29561126887889 0
-1.84357312547891 1.29265847383906 0
-1.84805051426096 1.28969572696938 0
-1.85251371264602 1.28672307710332 0
-1.85696272349588 1.28374057285809 0
-1.86139754971243 1.28074826263615 0
-1.86581819423689 1.27774619462666 0
-1.87022466004895 1.27473441680699 0
-1.87461695016598 1.27171297694415 0
-1.87899506764219 1.26868192259625 0
-1.88335901556791 1.26564130111396 0
-1.88770879706874 1.26259115964189 0
-1.89204441530482 1.25953154512006 0
-1.89636587347005 1.25646250428529 0
-1.90067317479137 1.25338408367259 0
-1.904966322528 1.25029632961659 0
-1.90924531997071 1.24719928825285 0
-1.91351017044111 1.24409300551932 0
-1.91776087729092 1.24097752715762 0
-1.9219974439013 1.23785289871445 0
-1.92621987368214 1.23471916554289 0
-1.93042817007139 1.23157637280378 0
-1.93462233653435 1.228424565467 0
-1.93880237656306 1.22526378831281 0
-1.9429682936756 1.22209408593316 0
-1.94712009141546 1.21891550273296 0
-1.95125777335091 1.21572808293139 0
-1.95538134307435 1.21253187056319 0
-1.95949080420171 1.2093269094799 0
-1.9635861603718 1.20611324335114 0
-1.96766741524575 1.20289091566585 0
-1.97173457250639 1.19965996973357 0
-1.97578763585764 1.19642044868563 0
-1.97982660902398 1.1931723954764 0
-1.98385149574981 1.1899158528845 0
-1.98786229979894 1.18665086351405 0
-1.99185902495399 1.18337746979579 0
-1.99584167501585 1.18009571398836 0
-1.99981025380316 1.17680563817944 0
-2.00376476515173 1.17350728428694 0
-2.00770521291404 1.17020069406015 0
-2.01163160095871 1.16688590908094 0
-2.01554393316995 1.16356297076489 0
-2.0194422134471 1.16023192036242 0
-2.02332644570411 1.15689279895998 0
-2.02719663386902 1.15354564748113 0
-2.03105278188348 1.15019050668769 0
-2.03489489370229 1.14682741718082 0
-2.0387229732929 1.1434564194022 0
-2.04253702463492 1.14007755363506 0
-2.0463370517197 1.1366908600053 0
-2.05012305854983 1.13329637848258 0
-2.05389504913872 1.1298941488814 0
-2.0576530275101 1.12648421086215 0
-2.06139699769765 1.12306660393219 0
-2.06512696374451 1.11964136744693 0
-2.06884292970287 1.11620854061083 0
-2.07254489963353 1.11276816247849 0
-2.0762328776055 1.10932027195564 0
-2.07990686769558 1.10586490780022 0
-2.08356687398796 1.10240210862337 0
-2.08721290057378 1.09893191289045 0
-2.09084495155078 1.09545435892205 0
-2.09446303102289 1.091969484895 0
-2.09806714309981 1.08847732884335 0
-2.10165729189668 1.08497792865938 0
-2.10523348153368 1.08147132209457 0
-2.10879571613564 1.07795754676056 0
-2.1123439998317 1.07443664013017 0
-2.11587833675494 1.07090863953831 0
-2.11939873104199 1.06737358218296 0
-2.12290518683273 1.06383150512612 0
-2.12639770826991 1.06028244529475 0
-2.12987629949879 1.05672643948172 0
-2.13334096466685 1.05316352434674 0
-2.13679170792339 1.04959373641727 0
-2.14022853341926 1.04601711208945 0
-2.1436514453065 1.04243368762903 0
-2.147060447738 1.03884349917225 0
-2.15045554486723 1.03524658272678 0
-2.15383674084789 1.03164297417257 0
-2.15720403983362 1.02803270926279 0
-2.16055744597766 1.02441582362467 0
-2.16389696343259 1.02079235276042 0
-2.16722259635 1.01716233204809 0
-2.17053434888023 1.01352579674241 0
-2.17383222517203 1.0098827819757 0
-2.17711622937232 1.00623332275871 0
-2.18038636562587 1.00257745398145 0
-2.18364263807505 0.998915210414083 0
-2.18688505085954 0.995246626707717 0
-2.19011360811607 0.991571737395275 0
-2.19332831397811 0.987890576892315 0
-2.19652917257566 0.984203179497859 0
-2.19971618803497 0.980509579395208 0
-2.20288936447825 0.976809810652765 0
-2.20604870602345 0.973103907224842 0
-2.20919421678402 0.969391902952466 0
-2.2123259008686 0.96567383156418 0
-2.21544376238085 0.961949726676839 0
-2.21854780541915 0.958219621796401 0
-2.2216380340764 0.954483550318714 0
-2.22471445243975 0.950741545530293 0
-2.2277770645904 0.946993640609104 0
-2.23082587460335 0.943239868625326 0
-2.23386088654718 0.939480262542127 0
-2.23688210448381 0.935714855216422 0
-2.23988953246832 0.931943679399631 0
-2.24288317454869 0.928166767738433 0
-2.24586303476559 0.924384152775512 0
-2.2488291171522 0.920595866950307 0
-2.25178142573397 0.916801942599746 0
-2.25471996452841 0.913002411958983 0
-2.25764473754492 0.909197307162129 0
-2.26055574878454 0.90538666024298 0
-2.2634530022398 0.901570503135736 0
-2.26633650189448 0.897748867675721 0
-2.26920625172345 0.893921785600099 0
-2.27206225569247 0.890089288548578 0
-2.27490451775798 0.886251408064118 0
-2.27773304186694 0.882408175593634 0
-2.28054783195663 0.878559622488691 0
-2.28334889195449 0.874705780006196 0
-2.28613622577791 0.87084667930909 0
-2.28890983733406 0.866982351467031 0
-2.29166973051976 0.863112827457074 0
-2.29441590922124 0.859238138164352 0
-2.29714837731401 0.855358314382745 0
-2.29986713866269 0.85147338681555 0
-2.30257219712084 0.847583386076149 0
-2.30526355653078 0.84368834268867 0
-2.30794122072347 0.839788287088643 0
-2.3106051935183 0.835883249623655 0
-2.31325547872297 0.831973260554003 0
-2.31589208013332 0.828058350053337 0
-2.31851500153318 0.824138548209306 0
-2.32112424669422 0.820213885024197 0
-2.32371981937581 0.816284390415571 0
-2.32630172332484 0.812350094216894 0
-2.32886996227562 0.808411026178169 0
-2.3314245399497 0.80446721596656 0
-2.33396546005575 0.800518693167014 0
-2.33649272628942 0.79656548728288 0
-2.33900634233317 0.792607627736524 0
-2.34150631185619 0.788645143869942 0
-2.34399263851422 0.784678064945366 0
-2.34646532594944 0.780706420145872 0
-2.34892437779033 0.776730238575983 0
-2.35136979765155 0.772749549262264 0
-2.3538015891338 0.768764381153921 0
-2.35621975582371 0.764774763123392 0
-2.35862430129369 0.760780723966935 0
-2.36101522910184 0.756782292405217 0
-2.36339254279183 0.752779497083896 0
-2.36575624589273 0.7487723665742 0
-2.36810634191896 0.744760929373505 0
-2.37044283437013 0.740745213905908 0
-2.37276572673093 0.7367252485228 0
-2.37507502247105 0.732701061503431 0
-2.37737072504502 0.728672681055477 0
-2.37965283789214 0.724640135315602 0
-2.38192136443635 0.720603452350017 0
-2.38417630808613 0.716562660155037 0
-2.38641767223439 0.712517786657633 0
-2.38864546025838 0.708468859715984 0
-2.39085967551957 0.704415907120025 0
-2.39306032136355 0.700358956591992 0
-2.39524740111995 0.696298035786965 0
-2.39742091810231 0.692233172293406 0
-2.39958087560801 0.688164393633699 0
-2.40172727691817 0.684091727264681 0
-2.40386012529753 0.680015200578179 0
-2.4059794239944 0.675934840901532 0
-2.40808517624051 0.671850675498125 0
-2.41017738525099 0.667762731567907 0
-2.4122560542242 0.663671036247919 0
-2.41432118634172 0.659575616612806 0
-2.41637278476821 0.655476499675337 0
-2.41841085265135 0.651373712386923 0
-2.42043539312172 0.64726728163812 0
-2.42244640929277 0.643157234259145 0
-2.4244439042607 0.639043597020383 0
-2.42642788110437 0.634926396632885 0
-2.42839834288525 0.630805659748877 0
-2.43035529264734 0.626681412962258 0
-2.43229873341705 0.622553682809096 0
-2.43422866820317 0.618422495768123 0
-2.43614509999677 0.61428787826123 0
-2.43804803177112 0.610149856653957 0
-2.43993746648164 0.606008457255981 0
-2.44181340706581 0.601863706321602 0
-2.44367585644309 0.597715630050228 0
-2.44552481751487 0.593564254586856 0
-2.44736029316438 0.589409606022555 0
-2.44918228625662 0.585251710394938 0
-2.45099079963833 0.581090593688643 0
-2.45278583613788 0.576926281835805 0
-2.45456739856519 0.572758800716524 0
-2.45633548971174 0.56858817615934 0
-2.45809011235042 0.564414433941699 0
-2.45983126923552 0.560237599790414 0
-2.46155896310264 0.556057699382137 0
-2.46327319666866 0.551874758343811 0
-2.46497397263164 0.547688802253138 0
-2.46666129367077 0.54349985663903 0
-2.46833516244633 0.539307946982071 0
-2.46999558159963 0.535113098714965 0
-2.47164255375292 0.530915337222995 0
-2.47327608150936 0.526714687844466 0
-2.47489616745298 0.522511175871159 0
-2.47650281414858 0.518304826548776 0
-2.4780960241417 0.514095665077382 0
-2.47967579995859 0.509883716611854 0
-2.48124214410609 0.505669006262318 0
-2.48279505907165 0.50145155909459 0
-2.48433454732326 0.497231400130615 0
-2.48586061130935 0.493008554348901 0
-2.48737325345881 0.488783046684957 0
-2.48887247618089 0.484554902031723 0
-2.49035828186518 0.480324145240002 0
-2.49183067288156 0.476090801118893 0
-2.49328965158012 0.471854894436215 0
-2.49473522029115 0.467616449918934 0
-2.4961673813251 0.463375492253592 0
-2.4975861369725 0.459132046086727 0
-2.49899148950393 0.454886136025296 0
-2.50038344117 0.450637786637094 0
-2.50176199420125 0.446387022451178 0
-2.50312715080819 0.442133867958279 0
-2.50447891318117 0.437878347611219 0
-2.50581728349041 0.43362048582533 0
-2.50714226388592 0.429360306978863 0
-2.50845385649746 0.425097835413399 0
-2.50975206343452 0.420833095434266 0
-2.51103688678628 0.41656611131094 0
-2.51230832862156 0.412296907277457 0
-2.51356639098876 0.408025507532821 0
-2.51481107591589 0.403751936241405 0
-2.51604238541047 0.399476217533357 0
-2.51726032145951 0.395198375505003 0
-2.5184648860295 0.390918434219247 0
-2.51965608106634 0.386636417705972 0
-2.52083390849533 0.382352349962438 0
-2.52199837022114 0.37806625495368 0
-2.52314946812774 0.373778156612903 0
-2.52428720407841 0.369488078841881 0
-2.52541157991569 0.365196045511345 0
-2.52652259746134 0.360902080461381 0
-2.52762025851633 0.356606207501819 0
-2.52870456486079 0.352308450412624 0
-2.52977551825399 0.348008832944287 0
-2.53083312043431 0.343707378818208 0
-2.53187737311919 0.339404111727092 0
-2.53290827800515 0.335099055335327 0
-2.53392583676771 0.330792233279373 0
-2.5349300510614 0.326483669168146 0
-2.5359209225197 0.322173386583399 0
-2.53689845275505 0.317861409080107 0
-2.53786264335878 0.313547760186845 0
-2.53881349590114 0.309232463406171 0
-2.53975101193121 0.304915542215002 0
-2.54067519297694 0.300597020064994 0
-2.54158604054507 0.296276920382921 0
-2.54248355612114 0.291955266571045 0
-2.54336774116945 0.2876320820075 0
-2.54423859713306 0.283307390046658 0
-2.54509612543373 0.27898121401951 0
-2.54594032747193 0.274653577234033 0
-2.54677120462681 0.270324502975564 0
-2.54758875825617 0.265994014507174 0
-2.54839298969643 0.261662135070032 0
-2.54918390026265 0.25732888788378 0
-2.54996149124847 0.252994296146899 0
-2.5507257639261 0.248658383037077 0
-2.55147671954631 0.244321171711578 0
-2.55221435933841 0.239982685307603 0
-2.55293868451021 0.235642946942664 0
-2.55364969624804 0.23130197971494 0
-2.5543473957167 0.226959806703649 0
-2.55503178405944 0.222616450969405 0
-2.55570286239798 0.218271935554585 0
-2.55636063183245 0.21392628348369 0
-2.55700509344142 0.209579517763705 0
-2.55763624828182 0.205231661384461 0
-2.55825409738898 0.200882737318996 0
-2.55885864177661 0.196532768523913 0
-2.55944988243674 0.19218177793974 0
-2.56002782033977 0.187829788491288 0
-2.5605924564344 0.183476823088008 0
-2.56114379164765 0.179122904624351 0
-2.56168182688482 0.174768055980121 0
-2.56220656302952 0.170412300020834 0
-2.56271800094361 0.16605565959807 0
-2.5632161414672 0.161698157549834 0
-2.56370098541866 0.157339816700906 0
-2.5641725335946 0.152980659863196 0
-2.56463078676983 0.148620709836097 0
-2.56507574569739 0.144259989406843 0
-2.5655074111085 0.139898521350853 0
-2.5659257837126 0.135536328432093 0
-2.56633086419728 0.131173433403421 0
-2.56672265322832 0.126809859006941 0
-2.56710115144964 0.122445627974353 0
-2.56746635948334 0.118080763027308 0
-2.56781827792964 0.113715286877752 0
-2.5681569073669 0.10934922222828 0
-2.5684822483516 0.104982591772485 0
-2.56879430141837 0.100615418195308 0
-2.5690930670799 0.0962477241733838 0
-2.56937854582703 0.0918795323753948 0
-2.56965073812867 0.0875108654624154 0
-2.56990964443183 0.0831417460882621 0
-2.5701552651616 0.0787721968998405 0
-2.57038760072114 0.0744022405374938 0
-2.57060665149172 0.0700318996353495 0
-2.57081241783262 0.065661196821667 0
-2.57100490008123 0.0612901547191845 0
-2.57118409855298 0.0569187959454657 0
-2.57135001354134 0.0525471431132465 0
-2.57150264531785 0.0481752188307815 0
-2.57164199413209 0.0438030457021897 0
-2.57176806021168 0.0394306463278017 0
-2.57188084376227 0.0350580433045044 0
-2.57198034496755 0.0306852592260878 0
-2.57206656398926 0.0263123166835904 0
-2.57213950096715 0.0219392382656446 0
-2.572199156019 0.0175660465588228 0
-2.57224552924064 0.0131927641479822 0
-2.57227862070589 0.00881941361661076 0
-2.57229843046663 0.00444601754717237 0
-2.57230495855274 7.25985214520677e-05 0
-2.57229820497214 -0.00430082087909854 0
-2.57227816971075 -0.00867421807301602 0
-2.57224485273254 -0.0130475704784799 0
-2.5721982539795 -0.0174208555129671 0
-2.57213837337162 -0.0217940505929071 0
-2.57206521080694 -0.026167133133336 0
-2.57197876616153 -0.0305400805475516 0
-2.57187903928946 -0.0349128702467676 0
-2.57176603002287 -0.0392854796397682 0
-2.5716397381719 -0.0436578861325625 0
-2.57150016352474 -0.0480300671280384 0
-2.57134730584761 -0.0524020000256173 0
-2.57118116488479 -0.0567736622209078 0
-2.57100174035859 -0.0611450311053595 0
-2.57080903196936 -0.0655160840659169 0
-2.57060303939552 -0.0698867984846729 0
-2.57038376229354 -0.0742571517385222 0
-2.57015120029795 -0.0786271211988146 0
-2.56990535302135 -0.0829966842310078 0
-2.56964622005441 -0.0873658181943202 0
-2.56937380096587 -0.0917345004413836 0
-2.56908809530257 -0.0961027083178956 0
-2.56878910258942 -0.100470419162271 0
-2.56847682232945 -0.104837610305296 0
-2.56815125400376 -0.109204259069774 0
-2.56781239707159 -0.113570342770184 0
-2.56746025097029 -0.117935838712328 0
-2.56709481511532 -0.122300724192981 0
-2.56671608890029 -0.126664976499541 0
-2.56632407169694 -0.131028572909681 0
-2.56591876285517 -0.135391490690999 0
-2.56550016170303 -0.139753707100664 0
-2.56506826754675 -0.144115199385068 0
-2.56462307967074 -0.148475944779471 0
-2.56416459733757 -0.152835920507654 0
-2.56369281978805 -0.157195103781562 0
-2.56320774624117 -0.161553471800952 0
-2.56270937589414 -0.165911001753045 0
-2.56219770792243 -0.170267670812163 0
-2.56167274147972 -0.174623456139382 0
-2.56113447569797 -0.178978334882176 0
-2.56058290968739 -0.18333228417406 0
-2.56001804253649 -0.187685281134235 0
-2.55943987331205 -0.192037302867234 0
-2.55884840105917 -0.19638832646256 0
-2.55824362480129 -0.200738328994336 0
-2.55762554354015 -0.205087287520941 0
-2.55699415625585 -0.209435179084654 0
-2.55634946190687 -0.213781980711295 0
-2.55569145943006 -0.218127669409866 0
-2.55502014774066 -0.222472222172189 0
-2.55433552573232 -0.226815615972547 0
-2.55363759227713 -0.23115782776732 0
-2.55292634622561 -0.235498834494627 0
-2.55220178640675 -0.239838613073959 0
-2.55146391162802 -0.244177140405817 0
-2.55071272067537 -0.248514393371348 0
-2.54994821231329 -0.25285034883198 0
-2.54917038528477 -0.257184983629058 0
-2.54837923831139 -0.261518274583474 0
-2.54757477009327 -0.265850198495302 0
-2.54675697930913 -0.27018073214343 0
-2.54592586461631 -0.274509852285191 0
-2.54508142465078 -0.278837535655996 0
-2.54422365802715 -0.283163758968957 0
-2.54335256333871 -0.287488498914524 0
-2.54246813915745 -0.291811732160109 0
-2.54157038403408 -0.296133435349712 0
-2.54065929649805 -0.300453585103548 0
-2.53973487505755 -0.304772158017678 0
-2.5387971181996 -0.309089130663623 0
-2.53784602439 -0.313404479587997 0
-2.53688159207339 -0.317718181312126 0
-2.53590381967327 -0.32203021233167 0
-2.53491270559205 -0.326340549116242 0
-2.53390824821101 -0.330649168109033 0
-2.5328904458904 -0.334956045726424 0
-2.53185929696942 -0.339261158357611 0
-2.53081479976627 -0.343564482364215 0
-2.52975695257815 -0.347865994079905 0
-2.52868575368133 -0.352165669810007 0
-2.52760120133115 -0.356463485831118 0
-2.52650329376203 -0.360759418390725 0
-2.52539202918757 -0.365053443706808 0
-2.52426740580049 -0.369345537967457 0
-2.52312942177274 -0.37363567733048 0
-2.52197807525546 -0.377923837923006 0
-2.52081336437907 -0.382209995841101 0
-2.51963528725329 -0.386494127149368 0
-2.51844384196713 -0.390776207880551 0
-2.51723902658898 -0.395056214035144 0
-2.51602083916661 -0.399334121580988 0
-2.51478927772721 -0.403609906452875 0
-2.51354434027744 -0.407883544552147 0
-2.51228602480343 -0.412155011746295 0
-2.51101432927087 -0.416424283868556 0
-2.50972925162499 -0.420691336717508 0
-2.50843078979062 -0.424956146056669 0
-2.50711894167226 -0.429218687614085 0
-2.50579370515405 -0.433478937081926 0
-2.50445507809988 -0.437736870116074 0
-2.50310305835338 -0.441992462335714 0
-2.50173764373797 -0.446245689322925 0
-2.50035883205691 -0.450496526622259 0
-2.49896662109336 -0.454744949740333 0
-2.49756100861036 -0.45899093414541 0
-2.49614199235095 -0.463234455266981 0
-2.49470957003816 -0.467475488495348 0
-2.49326373937505 -0.471714009181201 0
-2.49180449804482 -0.475949992635195 0
-2.49033184371076 -0.480183414127532 0
-2.48884577401637 -0.484414248887528 0
-2.48734628658538 -0.488642472103191 0
-2.48583337902179 -0.492868058920793 0
-2.48430704890993 -0.497090984444437 0
-2.48276729381451 -0.501311223735627 0
-2.48121411128065 -0.505528751812838 0
-2.47964749883396 -0.509743543651073 0
-2.47806745398056 -0.513955574181437 0
-2.47647397420715 -0.518164818290688 0
-2.47486705698106 -0.522371250820807 0
-2.4732466997503 -0.52657484656855 0
-2.47161289994361 -0.530775580285006 0
-2.46996565497053 -0.534973426675153 0
-2.46830496222145 -0.539168360397412 0
-2.46663081906762 -0.543360356063193 0
-2.4649432228613 -0.547549388236454 0
-2.46324217093572 -0.551735431433237 0
-2.46152766060522 -0.555918460121226 0
-2.45979968916525 -0.56009844871928 0
-2.45805825389246 -0.564275371596982 0
-2.45630335204476 -0.568449203074177 0
-2.45453498086136 -0.572619917420512 0
-2.45275313756286 -0.576787488854967 0
-2.45095781935131 -0.580951891545395 0
-2.44914902341024 -0.585113099608053 0
-2.44732674690479 -0.589271087107131 0
-2.4454909869817 -0.593425828054281 0
-2.44364174076946 -0.597577296408142 0
-2.44177900537828 -0.601725466073865 0
-2.43990277790027 -0.605870310902639 0
-2.4380130554094 -0.610011804691203 0
-2.43610983496168 -0.61414992118137 0
-2.43419311359513 -0.618284634059541 0
-2.43226288832993 -0.622415916956218 0
-2.43031915616845 -0.626543743445515 0
-2.42836191409535 -0.630668087044669 0
-2.42639115907762 -0.634788921213545 0
-2.42440688806473 -0.638906219354139 0
-2.42240909798862 -0.643019954810086 0
-2.42039778576384 -0.647130100866154 0
-2.4183729482876 -0.651236630747744 0
-2.41633458243988 -0.655339517620386 0
-2.41428268508349 -0.659438734589233 0
-2.41221725306414 -0.663534254698546 0
-2.41013828321058 -0.667626050931188 0
-2.40804577233462 -0.671714096208109 0
-2.40593971723127 -0.675798363387825 0
-2.40382011467879 -0.679878825265903 0
-2.40168696143881 -0.683955454574438 0
-2.39954025425641 -0.688028223981528 0
-2.39737998986019 -0.692097106090748 0
-2.39520616496241 -0.696162073440618 0
-2.39301877625904 -0.700223098504077 0
-2.39081782042988 -0.70428015368794 0
-2.38860329413865 -0.708333211332368 0
-2.3863751940331 -0.712382243710323 0
-2.38413351674509 -0.716427223027028 0
-2.3818782588907 -0.720468121419421 0
-2.37960941707034 -0.724504910955605 0
-2.37732698786886 -0.728537563634301 0
-2.37503096785562 -0.732566051384287 0
-2.37272135358465 -0.736590346063852 0
-2.37039814159469 -0.740610419460225 0
-2.36806132840939 -0.74462624328902 0
-2.36571091053732 -0.74863778919367 0
-2.36334688447218 -0.752645028744856 0
-2.36096924669283 -0.756647933439937 0
-2.35857799366347 -0.760646474702376 0
-2.35617312183372 -0.764640623881165 0
-2.35375462763874 -0.768630352250238 0
-2.35132250749939 -0.772615631007897 0
-2.34887675782229 -0.776596431276218 0
-2.346417375 -0.780572724100465 0
-2.34394435541111 -0.784544480448495 0
-2.3414576954204 -0.788511671210166 0
-2.33895739137891 -0.792474267196733 0
-2.33644343962415 -0.79643223914025 0
-2.33391583648016 -0.800385557692961 0
-2.3313745782577 -0.804334193426693 0
-2.32881966125435 -0.808278116832244 0
-2.32625108175465 -0.812217298318764 0
-2.32366883603026 -0.816151708213141 0
-2.32107292034009 -0.820081316759376 0
-2.31846333093044 -0.824006094117956 0
-2.31584006403516 -0.827926010365227 0
-2.31320311587576 -0.831841035492759 0
-2.3105524826616 -0.835751139406711 0
-2.30788816059004 -0.839656291927192 0
-2.30521014584655 -0.843556462787614 0
-2.30251843460491 -0.847451621634048 0
-2.29981302302734 -0.851341738024571 0
-2.2970939072647 -0.855226781428615 0
-2.29436108345658 -0.859106721226303 0
-2.29161454773152 -0.862981526707792 0
-2.28885429620718 -0.866851167072604 0
-2.28608032499047 -0.870715611428958 0
-2.28329263017773 -0.874574828793096 0
-2.28049120785493 -0.878428788088606 0
-2.27767605409781 -0.882277458145739 0
-2.27484716497207 -0.886120807700726 0
-2.27200453653358 -0.889958805395085 0
-2.26914816482849 -0.893791419774934 0
-2.26627804589349 -0.897618619290286 0
-2.26339417575595 -0.901440372294353 0
-2.26049655043412 -0.905256647042838 0
-2.25758516593731 -0.909067411693226 0
-2.25466001826614 -0.912872634304068 0
-2.25172110341264 -0.916672282834266 0
-2.24876841736055 -0.920466325142349 0
-2.24580195608543 -0.924254728985743 0
-2.24282171555495 -0.928037462020045 0
-2.23982769172902 -0.931814491798285 0
-2.23681988056006 -0.935585785770184 0
-2.23379827799318 -0.939351311281413 0
-2.23076287996639 -0.94311103557284 0
-2.22771368241085 -0.946864925779782 0
-2.22465068125106 -0.950612948931241 0
-2.2215738724051 -0.954355071949144 0
-2.21848325178486 -0.958091261647576 0
-2.21537881529624 -0.961821484732007 0
-2.21226055883944 -0.965545707798514 0
-2.20912847830912 -0.969263897333003 0
-2.20598256959472 -0.972976019710418 0
-2.20282282858064 -0.976682041193953 0
-2.1996492511465 -0.980381927934252 0
-2.19646183316742 -0.984075645968614 0
-2.19326057051424 -0.987763161220182 0
-2.19004545905377 -0.99144443949713 0
-2.18681649464909 -0.995119446491854 0
-2.18357367315975 -0.998788147780143 0
-2.18031699044209 -1.00245050882036 0
-2.1770464423495 -1.0061064949526 0
-2.17376202473265 -1.00975607139786 0
-2.17046373343981 -1.0133992032572 0
-2.16715156431714 -1.01703585551089 0
-2.16382551320891 -1.02066599301756 0
-2.16048557595785 -1.02428958051333 0
-2.15713174840542 -1.02790658261097 0
-2.15376402639209 -1.031516963799 0
-2.15038240575766 -1.03512068844085 0
-2.14698688234155 -1.03871772077396 0
-2.1435774519831 -1.04230802490887 0
-2.14015411052192 -1.04589156482837 0
-2.13671685379813 -1.04946830438661 0
-2.13326567765277 -1.05303820730812 0
-2.12980057792804 -1.056601237187 0
-2.12632155046769 -1.06015735748592 0
-2.12282859111731 -1.06370653153528 0
-2.11932169572467 -1.06724872253219 0
-2.11580086014011 -1.07078389353963 0
-2.11226608021679 -1.07431200748544 0
-2.10871735181115 -1.07783302716141 0
-2.10515467078318 -1.08134691522232 0
-2.1015780329968 -1.08485363418498 0
-2.09798743432026 -1.08835314642728 0
-2.09438287062644 -1.0918454141872 0
-2.0907643377933 -1.09533039956184 0
-2.08713183170418 -1.09880806450643 0
-2.08348534824827 -1.10227837083337 0
-2.0798248833209 -1.1057412802112 0
-2.07615043282402 -1.10919675416361 0
-2.07246199266654 -1.11264475406842 0
-2.06875955876476 -1.11608524115659 0
-2.06504312704277 -1.11951817651117 0
-2.06131269343288 -1.12294352106628 0
-2.057568253876 -1.12636123560609 0
-2.05380980432213 -1.12977128076375 0
-2.05003734073071 -1.13317361702033 0
-2.04625085907112 -1.13656820470381 0
-2.04245035532311 -1.13995500398797 0
-2.03863582547722 -1.14333397489135 0
-2.03480726553526 -1.14670507727614 0
-2.03096467151076 -1.15006827084711 0
-2.02710803942944 -1.15342351515053 0
-2.02323736532968 -1.15677076957305 0
-2.019352645263 -1.16010999334057 0
-2.01545387529453 -1.16344114551718 0
-2.01154105150354 -1.166764185004 0
-2.0076141699839 -1.17007907053804 0
-2.00367322684458 -1.17338576069108 0
-1.9997182182102 -1.17668421386852 0
-1.99574914022151 -1.17997438830822 0
-1.99176598903594 -1.18325624207935 0
-1.9877687608281 -1.1865297330812 0
-1.98375745179037 -1.189794819042 0
-1.9797320581334 -1.19305145751776 0
-1.97569257608665 -1.19629960589106 0
-1.97163900189903 -1.19953922136984 0
-1.96757133183937 -1.20277026098618 0
-1.96348956219706 -1.20599268159513 0
-1.95939368928262 -1.20920643987341 0
-1.95528370942826 -1.21241149231823 0
-1.95115961898852 -1.21560779524602 0
-1.94702141434085 -1.21879530479119 0
-1.94286909188623 -1.22197397690483 0
-1.93870264804982 -1.22514376735349 0
-1.93452207928153 -1.22830463171788 0
-1.93032738205671 -1.23145652539157 0
-1.92611855287678 -1.2345994035797 0
-1.9218955882699 -1.23773322129767 0
-1.91765848479162 -1.24085793336983 0
-1.91340723902553 -1.24397349442815 0
-1.90914184758402 -1.2470798589109 0
-1.90486230710888 -1.25017698106128 0
-1.90056861427207 -1.25326481492608 0
-1.89626076577639 -1.25634331435432 0
-1.89193875835622 -1.25941243299588 0
-1.88760258877824 -1.2624721243001 0
-1.88325225384219 -1.26552234151443 0
-1.87888775038159 -1.26856303768297 0
-1.8745090752645 -1.2715941656451 0
-1.87011622539433 -1.27461567803407 0
-1.86570919771057 -1.27762752727551 0
-1.86128798918962 -1.28062966558606 0
-1.85685259684555 -1.28362204497187 0
-1.85240301773096 -1.28660461722715 0
-1.84793924893777 -1.28957733393271 0
-1.84346128759804 -1.29254014645448 0
-1.83896913088486 -1.29549300594199 0
-1.83446277601318 -1.2984358633269 0
-1.82994222024065 -1.30136866932145 0
-1.82540746086858 -1.30429137441698 0
-1.82085849524272 -1.30720392888237 0
-1.81629532075427 -1.31010628276248 0
-1.81171793484072 -1.31299838587663 0
-1.80712633498682 -1.31588018781699 0
-1.80252051872548 -1.31875163794704 0
-1.79790048363878 -1.32161268539995 0
-1.79326622735888 -1.32446327907699 0
-1.78861774756903 -1.32730336764594 0
-1.78395504200454 -1.33013289953942 0
-1.77927810845382 -1.33295182295328 0
-1.77458694475935 -1.33576008584497 0
-1.76988154881876 -1.33855763593184 0
-1.76516191858585 -1.3413444206895 0
-1.76042805207164 -1.34412038735014 0
-1.75567994734547 -1.34688548290081 0
-1.75091760253609 -1.34963965408173 0
-1.74614101583274 -1.35238284738457 0
-1.74135018548629 -1.35511500905073 0
-1.73654510981036 -1.35783608506957 0
-1.73172578718248 -1.36054602117668 0
-1.72689221604524 -1.36324476285211 0
-1.72204439490751 -1.36593225531856 0
-1.71718232234559 -1.36860844353963 0
-1.71230599700444 -1.37127327221798 0
-1.70741541759892 -1.37392668579354 0
-1.70251058291504 -1.37656862844166 0
-1.69759149181118 -1.37919904407126 0
-1.69265814321945 -1.38181787632299 0
-1.6877105361469 -1.38442506856735 0
-1.6827486696769 -1.38702056390282 0
-1.67777254297045 -1.38960430515394 0
-1.67278215526754 -1.39217623486941 0
-1.66777750588849 -1.39473629532017 0
-1.66275859423539 -1.39728442849748 0
-1.65772541979348 -1.39982057611092 0
-1.65267798213256 -1.40234467958646 0
-1.64761628090848 -1.40485668006449 0
-1.64254031586456 -1.40735651839781 0
-1.63745008683313 -1.40984413514962 0
-1.63234559373699 -1.41231947059151 0
-1.62722683659095 -1.41478246470141 0
-1.62209381550341 -1.41723305716156 0
-1.61694653067788 -1.41967118735646 0
-1.61178498241462 -1.42209679437073 0
-1.60660917111221 -1.42450981698708 0
-1.60141909726923 -1.42691019368418 0
-1.59621476148588 -1.42929786263454 0
-1.59099616446568 -1.43167276170238 0
-1.58576330701719 -1.43403482844143 0
-1.5805161900557 -1.43638400009287 0
-1.57525481460502 -1.43872021358301 0
-1.56997918179921 -1.44104340552123 0
-1.56468929288444 -1.44335351219767 0
-1.55938514922079 -1.44565046958103 0
-1.55406675228405 -1.44793421331636 0
-1.5487341036677 -1.45020467872276 0
-1.54338720508472 -1.45246180079112 0
-1.53802605836955 -1.45470551418184 0
-1.53265066548009 -1.45693575322251 0
-1.52726102849959 -1.45915245190561 0
-1.52185714963875 -1.46135554388615 0
-1.5164390312377 -1.46354496247932 0
-1.51100667576811 -1.46572064065815 0
-1.50556008583524 -1.46788251105109 0
-1.50009926418009 -1.47003050593963 0
-1.49462421368156 -1.47216455725587 0
-1.48913493735863 -1.47428459658009 0
-1.48363143837255 -1.47639055513831 0
-1.47811372002913 -1.47848236379981 0
-1.47258178578096 -1.48055995307466 0
-1.46703563922978 -1.48262325311121 0
-1.46147528412877 -1.48467219369358 0
-1.45590072438496 -1.48670670423911 0
-1.45031196406162 -1.48872671379585 0
-1.44470900738068 -1.49073215103993 0
-1.43909185872525 -1.49272294427306 0
-1.4334605226421 -1.49469902141985 0
-1.4278150038442 -1.49666031002524 0
-1.42215530721333 -1.49860673725184 0
-1.41648143780265 -1.50053822987731 0
-1.4107934008394 -1.50245471429164 0
-1.40509120172756 -1.50435611649452 0
-1.3993748460506 -1.5062423620926 0
-1.39364433957422 -1.50811337629678 0
-1.38789968824919 -1.50996908391947 0
-1.38214089821415 -1.51180940937183 0
-1.37636797579855 -1.51363427666102 0
-1.37058092752554 -1.51544360938736 0
-1.36477976011493 -1.51723733074158 0
-1.35896448048623 -1.51901536350197 0
-1.35313509576169 -1.5207776300315 0
-1.34729161326937 -1.52252405227503 0
-1.34143404054634 -1.52425455175637 0
-1.33556238534178 -1.52596904957542 0
-1.32967665562028 -1.52766746640524 0
-1.32377685956509 -1.52934972248911 0
-1.31786300558141 -1.53101573763762 0
-1.31193510229982 -1.53266543122566 0
-1.30599315857964 -1.53429872218945 0
-1.30003718351242 -1.53591552902353 0
-1.29406718642545 -1.53751576977779 0
-1.28808317688533 -1.53909936205434 0
-1.28208516470155 -1.54066622300455 0
-1.27607315993022 -1.54221626932592 0
-1.27004717287772 -1.54374941725899 0
-1.26400721410451 -1.54526558258426 0
-1.25795329442896 -1.54676468061907 0
-1.25188542493119 -1.54824662621441 0
-1.24580361695706 -1.54971133375181 0
-1.23970788212209 -1.55115871714013 0
-1.23359823231559 -1.5525886898124 0
-1.22747467970471 -1.55400116472256 0
-1.2213372367386 -1.55539605434228 0
-1.21518591615268 -1.55677327065769 0
-1.20902073097289 -1.55813272516611 0
-1.20284169452004 -1.5594743288728 0
-1.19664882041422 -1.56079799228763 0
-1.1904421225793 -1.56210362542178 0
-1.1842216152474 -1.56339113778444 0
-1.17798731296357 -1.56466043837942 0
-1.17173923059041 -1.56591143570181 0
-1.16547738331279 -1.5671440377346 0
-1.15920178664271 -1.56835815194529 0
-1.15291245642412 -1.56955368528249 0
-1.14660940883789 -1.57073054417245 0
-1.1402926604068 -1.5718886345157 0
-1.13396222800064 -1.5730278616835 0
-1.12761812884139 -1.57414813051446 0
-1.1212603805084 -1.57524934531098 0
-1.11488900094374 -1.57633140983581 0
-1.10850400845757 -1.57739422730849 0
-1.10210542173361 -1.57843770040186 0
-1.09569325983468 -1.57946173123848 0
-1.08926754220832 -1.58046622138713 0
-1.08282828869247 -1.58145107185917 0
-1.0763755195213 -1.58241618310502 0
-1.06990925533106 -1.58336145501054 0
-1.06342951716601 -1.58428678689342 0
-1.0569363264845 -1.58519207749958 0
-1.05042970516507 -1.58607722499953 0
-1.04390967551267 -1.58694212698472 0
-1.037376260265 -1.5877866804639 0
-1.03082948259884 -1.58861078185947 0
-1.02426936613661 -1.58941432700378 0
-1.01769593495292 -1.59019721113547 0
-1.01110921358125 -1.59095932889578 0
-1.00450922702074 -1.59170057432483 0
-0.997896000743059 -1.59242084085795 0
-0.991269560699376 -1.59312002132191 0
-0.984629933327449 -1.59379800793127 0
-0.977977145558795 -1.59445469228458 0
-0.971311224825979 -1.5950899653607 0
-0.964632199069999 -1.59570371751504 0
-0.957940096747788 -1.5962958384758 0
-0.951234946839817 -1.59686621734025 0
-0.944516778857812 -1.59741474257097 0
-0.937785622852585 -1.59794130199208 0
-0.931041509421974 -1.5984457827855 0
-0.924284469718903 -1.59892807148719 0
-0.917514535459555 -1.59938805398339 0
-0.910731738931669 -1.59982561550686 0
-0.903936113002953 -1.60024064063314 0
-0.89712769112962 -1.60063301327675 0
-0.890306507365052 -1.60100261668749 0
-0.883472596368585 -1.60134933344668 0
-0.876625993414425 -1.60167304546339 0
-0.86976673440069 -1.60197363397073 0
-0.862894855858589 -1.6022509795221 0
-0.856010394961732 -1.60250496198749 0
-0.84911338953557 -1.60273546054973 0
-0.842203878066979 -1.60294235370084 0
-0.835281899713984 -1.60312551923827 0
-0.828347494315618 -1.60328483426127 0
-0.821400702401926 -1.6034201751672 0
-0.814441565204119 -1.60353141764788 0
-0.807470124664872 -1.60361843668596 0
-0.800486423448768 -1.60368110655129 0
-0.793490504952899 -1.60371930079732 0
-0.786482413317621 -1.60373289225753 0
-0.779462193437456 -1.60372175304186 0
-0.772429890972167 -1.60368575453318 0
-0.765385552357975 -1.60362476738376 0
-0.758329224818957 -1.60353866151184 0
-0.751260956378596 -1.60342730609809 0
-0.7441807958715 -1.60329056958227 0
-0.737088792955297 -1.60312831965975 0
-0.729984998122693 -1.60294042327823 0
-0.722869462713712 -1.60272674663435 0
-0.715742238928105 -1.60248715517042 0
-0.708603379837943 -1.60222151357121 0
-0.701452939400392 -1.60192968576067 0
-0.694290972470668 -1.6016115348988 0
-0.687117534815179 -1.60126692337855 0
-0.679932683124857 -1.60089571282273 0
-0.672736475028685 -1.60049776408095 0
-0.66552896910741 -1.60007293722672 0
-0.658310224907459 -1.5996210915545 0
-0.65108030295505 -1.59914208557683 0
-0.64383926477051 -1.59863577702156 0
-0.636587172882788 -1.5981020228291 0
-0.62932409084419 -1.59754067914976 0
-0.622050083245306 -1.59695160134115 0
-0.614765215730164 -1.59633464396563 0
-0.607469555011593 -1.59568966078791 0
-0.600163168886803 -1.59501650477262 0
-0.592846126253189 -1.59431502808202 0
-0.585518497124355 -1.59358508207383 0
-0.578180352646373 -1.59282651729906 0
-0.570831765114254 -1.5920391835 0
-0.563472807988673 -1.59122292960828 0
-0.55610355591291 -1.59037760374302 0
-0.548724084730041 -1.58950305320908 0
-0.541334471500364 -1.58859912449548 0
-0.533934794519071 -1.5876656632738 0
-0.526525133334162 -1.58670251439682 0
-0.519105568764617 -1.58570952189722 0
-0.511676182918815 -1.5846865289864 0
-0.504237059213203 -1.58363337805345 0
-0.496788282391238 -1.58254991066421 0
-0.489329938542573 -1.58143596756053 0
-0.481862115122521 -1.58029138865961 0
-0.47438490097178 -1.57911601305351 0
-0.466898386336427 -1.57790967900884 0
-0.459402662888187 -1.57667222396653 0
-0.451897823744981 -1.57540348454184 0
-0.444383963491746 -1.57410329652449 0
-0.436861178201544 -1.572771494879 0
-0.42932956545695 -1.57140791374515 0
-0.421789224371731 -1.57001238643868 0
-0.414240255612817 -1.56858474545216 0
-0.406682761422562 -1.56712482245605 0
-0.399116845641302 -1.56563244829996 0
-0.391542613730214 -1.56410745301415 0
-0.383960172794476 -1.56254966581119 0
-0.376369631606731 -1.56095891508792 0
-0.368771100630861 -1.55933502842755 0
-0.361164692046069 -1.55767783260207 0
-0.353550519771275 -1.55598715357489 0
-0.345928699489823 -1.55426281650368 0
-0.338299348674517 -1.55250464574356 0
-0.330662586612967 -1.55071246485047 0
-0.32301853443326 -1.54888609658488 0
-0.315367315129963 -1.54702536291574 0
-0.307709053590449 -1.54513008502476 0
-0.300043876621548 -1.54320008331099 0
-0.292371912976545 -1.54123517739564 0
-0.284693293382494 -1.53923518612736 0
-0.277008150567886 -1.53719992758771 0
-0.269316619290645 -1.53512921909703 0
-0.261618836366465 -1.5330228772207 0
-0.253914940697493 -1.53088071777567 0
-0.246205073301357 -1.52870255583745 0
-0.238489377340529 -1.52648820574741 0
-0.230767998152052 -1.52423748112052 0
-0.223041083277595 -1.52195019485345 0
-0.215308782493876 -1.51962615913316 0
-0.207571247843424 -1.5172651854458 0
-0.19982863366569 -1.51486708458618 0
-0.192081096628524 -1.51243166666758 0
-0.184328795759986 -1.50995874113208 0
-0.176571892480524 -1.50744811676135 0
-0.1688105506355 -1.50489960168797 0
-0.161044936528063 -1.50231300340716 0
-0.153275218952386 -1.4996881287891 0
-0.145501569227247 -1.49702478409178 0
-0.137724161229964 -1.49432277497436 0
-0.129943171430678 -1.4915819065111 0
-0.122158778926994 -1.48880198320585 0
-0.114371165478957 -1.48598280900719 0
-0.106580515544386 -1.48312418732409 0
-0.0987870163145493 -1.48022592104223 0
-0.0909908577501752 -1.47728781254098 0
-0.0831922326178127 -1.47430966371096 0
-0.0753913365265227 -1.47129127597235 0
-0.0675883679649043 -1.46823245029385 0
-0.0597835283384515 -1.4651329872123 0
-0.0519770220072356 -1.46199268685311 0
-0.0441690563239094 -1.45881134895135 0
-0.036359841672029 -1.45558877287365 0
-0.028549591504687 -1.45232475764082 0
-0.0207385223834525 -1.44901910195132 0
-0.0129268540176116 -1.44567160420552 0
-0.00511480930370141 -1.44228206253078 0
0.00269738563466787 -1.43885027480739 0
0.0105095014067122 -1.43537603869543 0
0.0183213053141008 -1.43185915166242 0
0.0261325613103201 -1.42829941101199 0
0.0339430299597831 -1.42469661391344 0
0.0417524683966953 -1.42105055743224 0
0.0495606302836854 -1.41736103856154 0
0.0573672657702123 -1.41362785425468 0
0.0651721214507615 -1.40985080145868 0
0.0729749403228404 -1.40602967714886 0
0.0807754617447873 -1.40216427836444 0
0.0885734213934072 -1.39825440224528 0
0.0963685512214479 -1.39429984606974 0
0.104160579414933 -1.39030040729365 0
0.111949230350367 -1.38625588359048 0
0.119734224551827 -1.38216607289268 0
0.127515278647964 -1.37803077343421 0
0.135292105328925 -1.37384978379437 0
0.143064413303223 -1.3696229029428 0
0.150831907254566 -1.3653499302859 0
0.158594287798678 -1.36103066571438 0
0.166351251440119 -1.35666490965238 0
0.174102490529145 -1.3522524631077 0
0.181847693218614 -1.34779312772366 0
0.189586543420977 -1.34328670583218 0
0.197318720765377 -1.33873300050844 0
0.205043900554876 -1.33413181562695 0
0.212761753723849 -1.32948295591908 0
0.220471946795572 -1.32478622703218 0
0.228174141840025 -1.32004143559023 0
0.235867996431962 -1.31524838925602 0
0.243553163609265 -1.31040689679497 0
0.251229291831619 -1.30551676814053 0
0.258896024939554 -1.30057781446131 0
0.26655300211388 -1.29558984822981 0
0.274199857835565 -1.29055268329284 0
0.281836221846086 -1.28546613494376 0
0.289461719108299 -1.28033001999637 0
0.297075969767877 -1.27514415686061 0
0.304678589115356 -1.26990836562007 0
0.312269187548825 -1.26462246811131 0
0.319847370537337 -1.25928628800502 0
0.327412738585054 -1.25389965088906 0
0.334964887196211 -1.24846238435334 0
0.342503406840926 -1.24297431807671 0
0.350027882921929 -1.23743528391565 0
0.357537895742251 -1.23184511599499 0
0.36503302047395 -1.22620365080061 0
0.372512827127912 -1.22051072727405 0
0.379976880524808 -1.21476618690918 0
0.387424740267254 -1.20896987385088 0
0.394855960713258 -1.20312163499571 0
0.402270090950998 -1.19722132009467 0
0.409666674775023 -1.19126878185799 0
0.41704525066393 -1.18526387606201 0
0.424405351759599 -1.17920646165806 0
0.431746505848058 -1.17309640088353 0
0.439068235342051 -1.16693355937496 0
0.446370057265396 -1.16071780628318 0
0.453651483239202 -1.15444901439065 0
0.460912019470031 -1.1481270602308 0
0.46815116674009 -1.14175182420947 0
0.475368420399544 -1.13532319072848 0
0.482563270361015 -1.12884104831124 0
0.489735201096387 -1.1223052897304 0
0.496883691635979 -1.11571581213761 0
0.504008215570201 -1.10907251719529 0
0.511108241053763 -1.10237531121042 0
0.518183230812558 -1.09562410527032 0
0.525232642153296 -1.08881881538043 0
0.532255926975993 -1.08195936260402 0
0.539252531789419 -1.07504567320387 0
0.546221897729602 -1.0680776787857 0
0.55316346058149 -1.06105531644364 0
0.56007665080387 -1.05397852890735 0
0.56696089355766 -1.04684726469098 0
0.573815608737666 -1.03966147824379 0
0.58064021100792 -1.03242113010251 0
0.587434109840699 -1.02512618704523 0
0.594196709559332 -1.01777662224685 0
0.600927409384911 -1.01037241543603 0
0.607625603487003 -1.00291355305351 0
0.614290681038477 -0.995400028411771 0
0.620922026274553 -0.987831841855979 0
0.627519018556183 -0.980209000926023 0
0.634081032437865 -0.972531520519688 0
0.640607437739999 -0.964799423056773 0
0.6470975996259 -0.957012738644096 0
0.653550878683561 -0.949171505241265 0
0.659966631012268 -0.94127576882711 0
0.666344208314186 -0.933325583566651 0
0.672682957990998 -0.925321011978485 0
0.678982223245706 -0.917262125102465 0
0.685241343189685 -0.909149002667524 0
0.691459652955092 -0.900981733259517 0
0.697636483812702 -0.89276041448893 0
0.703771163295291 -0.884485153158298 0
0.70986301532661 -0.876156065429181 0
0.715911360356068 -0.867773276988528 0
0.721915515499181 -0.859336923214261 0
0.727874794683854 -0.850847149339906 0
0.733788508802587 -0.842304110618078 0
0.739655965870641 -0.833707972482645 0
0.745476471190246 -0.825058910709364 0
0.751249327520875 -0.816357111574801 0
0.756973835255662 -0.80760277201332 0
0.762649292603975 -0.798796099771937 0
0.768274995780189 -0.789937313562814 0
0.773850239198686 -0.781026643213183 0
0.779374315675094 -0.772064329812465 0
0.784846516633777 -0.76305062585635 0
0.790266132321576 -0.753985795387614 0
0.7956324520278 -0.744870114133419 0
0.800944764310436 -0.735703869638857 0
0.806202357228575 -0.726487361396495 0
0.811404518580995 -0.71722090097166 0
0.816550536150868 -0.70790481212321 0
0.821639697956542 -0.698539430919544 0
0.826671292508311 -0.689125105849573 0
0.831644609071117 -0.679662197928406 0
0.836558937933077 -0.670151080797478 0
0.841413570679754 -0.660592140818857 0
0.846207800474034 -0.650985777163469 0
0.850940922341514 -0.641332401892964 0
0.855612233461235 -0.631632440034976 0
0.860221033461638 -0.621886329651489 0
0.864766624721552 -0.612094521900076 0
0.86924831267607 -0.602257481087719 0
0.873665406127096 -0.592375684716979 0
0.878017217558378 -0.582449623524248 0
0.882303063454815 -0.572479801509831 0
0.886522264625797 -0.56246673595963 0
0.890674146532343 -0.552410957458163 0
0.894758039617796 -0.542313009892714 0
0.898773279641779 -0.532173450448362 0
0.902719208017165 -0.521992849593693 0
0.906595172149739 -0.511771791056957 0
0.910400525780272 -0.501510871792501 0
0.914134629328663 -0.491210701937252 0
0.917796850239844 -0.480871904757103 0
0.921386563331088 -0.470495116582997 0
0.924903151140377 -0.46008098673658 0
0.928346004275465 -0.449630177445263 0
0.93171452176325 -0.439143363746561 0
0.935008111399094 -0.428621233381595 0
0.938226190095669 -0.41806448667765 0
0.941368184230955 -0.407473836419712 0
0.944433529994952 -0.396850007710887 0
0.947421673734711 -0.386193737821676 0
0.950332072297243 -0.375505776028054 0
0.953164193369887 -0.364786883438318 0
0.955917515817693 -0.354037832808738 0
0.958591530017382 -0.343259408347987 0
0.961185738187445 -0.332452405510414 0
0.963699654713928 -0.321617630778199 0
0.966132806471461 -0.310755901432473 0
0.968484733139082 -0.299868045313491 0
0.970754987510407 -0.288954900569979 0
0.972943135797707 -0.278017315397778 0
0.975048757929436 -0.267056147767961 0
0.977071447840796 -0.256072265144571 0
0.97901081375687 -0.245066544192206 0
0.980866478467932 -0.234039870473639 0
0.982638079596479 -0.222993138137735 0
0.984325269855604 -0.211927249597903 0
0.985927717298276 -0.200843115201368 0
0.987445105557158 -0.189741652889559 0
0.988877134074564 -0.178623787849929 0
0.9902235183222 -0.167490452159529 0
0.991483990010317 -0.156342584420707 0
0.992658297285948 -0.145181129389282 0
0.993746204919892 -0.134007037595587 0
0.994747494482147 -0.122821264958789 0
0.995661964505488 -0.111624772394884 0
0.996489430636919 -0.100418525418816 0
0.997229725776748 -0.0892034937411551 0
0.997882700205045 -0.0779806508597964 0
0.998448221695266 -0.0667509736471402 0
0.998926175614856 -0.0555154419332428 0
0.999316465012647 -0.0442750380854179 0
0.999619010692911 -0.0330307465847906 0
0.999833751275938 -0.0217835536003042 0
0.999960643245025 -0.0105344465606915 0
0.999999660979812 0.000715586275074384 0
