0 1 0
-0.09 0.997187787611143 0
-0.179495508549983 0.988786514359089 0
-0.267995111808742 0.974904611436293 0
-0.355034313363984 0.955717099644874 0
-0.440186523020684 0.931457542753185 0
-0.523071438757415 0.90240794940312 0
-0.603360516970229 0.868887548042924 0
-0.680779552384897 0.831241338528275 0
-0.755108655264366 0.789829192061732 0
-0.826180090031953 0.745016072558628 0
-0.893874521126523 0.697163733614256 0
-0.958116212544432 0.646624043051342 0
-1.01886767072819 0.593733924329521 0
-1.07612413153315 0.53881178967272 0
-1.12990819242348 0.482155271814324 0
-1.18026479603393 0.424040031789807 0
-1.22725668961694 0.364719418901881 0
-1.27096042031939 0.304424775826517 0
-1.31146287878273 0.243366208515044 0
-1.34885837127176 0.181733670954929 0
-1.38324618056349 0.119698244929394 0
-1.41472856519058 0.0574135223019304 0
-1.44340914264906 -0.00498297908110888 0
-1.46939160264021 -0.0673684153355766 0
-1.49277869961962 -0.12963326629753 0
-1.51367147863543 -0.191680057058283 0
-1.53216869379592 -0.253422164196753 0
-1.54836638415287 -0.314782712995006 0
-1.56235757697946 -0.375693567195609 0
-1.57423209316946 -0.436094409605303 0
-1.58407643370283 -0.495931909708811 0
-1.59197372979161 -0.555158973140234 0
-1.59800374245896 -0.613734067140617 0
-1.6022428999576 -0.671620615834362 0
-1.60476436365268 -0.728786459152612 0
-1.60563811483557 -0.785203369420333 0
-1.6049310564524 -0.840846619934237 0
-1.60270712497404 -0.895694600239215 0
-1.59902740864751 -0.949728473225428 0
-1.59395026919093 -1.00293186959163 0
-1.58753146465821 -1.05529061563592 0
-1.57982427173435 -1.10679249073242 0
-1.57087960615046 -1.15742701122484 0
-1.56074614024948 -1.20718523781236 0
-1.54947041700524 -1.25605960381838 0
-1.53709696001195 -1.30404376201858 0
-1.52366837913018 -1.35113244796268 0
-1.50922547160678 -1.39732135795583 0
-1.49380731858822 -1.44260704007189 0
-1.47745137702484 -1.48698679675594 0
-1.46019356702272 -1.53045859773655 0
-1.44206835474321 -1.57302100211402 0
-1.42310883098285 -1.61467308861991 0
-1.40334678558782 -1.65541439315669 0
-1.38281277787269 -1.6952448528278 0
-1.36153620322195 -1.73416475575738 0
-1.33954535605736 -1.77217469607776 0
-1.31686748935528 -1.80927553353272 0
-1.29352887089683 -1.84546835720601 0
-1.2695548364297 -1.8807544529391 0
-1.24496983991619 -1.91513527405047 0
-1.21979750103545 -1.94861241501114 0
-1.1940606501019 -1.9811875877692 0
-1.16778137055424 -2.01286260044915 0
-1.14098103916255 -2.04363933818182 0
-1.11368036409356 -2.07351974584658 0
-1.0858994209668 -2.10250581253119 0
-1.05765768702729 -2.130599557535 0
-1.02897407355347 -2.15780301775977 0
-0.99986695661236 -2.18411823634872 0
-0.970354206267477 -2.2095472524489 0
-0.940453214339024 -2.23409209198501 0
-0.910180920809891 -2.25775475934413 0
-0.879553838965668 -2.28053722988158 0
-0.848588079351571 -2.30244144316674 0
-0.817299372624351 -2.32346929689631 0
-0.785703091372685 -2.3436226414098 0
-0.753814270975218 -2.36290327474829 0
-0.721647629561493 -2.38131293820395 0
-0.689217587137196 -2.39885331231258 0
-0.656538283931741 -2.41552601324645 0
-0.623623598022933 -2.43133258956912 0
-0.590487162290493 -2.44627451931744 0
-0.557142380747442 -2.4603532073796 0
-0.523602444295763 -2.47356998314136 0
-0.489880345950441 -2.4859260983751 0
-0.455988895573762 -2.49742272534924 0
-0.421940734159777 -2.50806095513768 0
-0.387748347707032 -2.51784179611112 0
-0.353424080715958 -2.52676617259409 0
-0.318980149345852 -2.5348349236733 0
-0.284428654264979 -2.54204880214439 0
-0.249781593226128 -2.5484084735859 0
-0.215050873398843 -2.55391451555053 0
-0.180248323488597 -2.55856741686502 0
-0.145385705672335 -2.56236757703128 0
-0.110474727379081 -2.56531530572259 0
-0.07552705294371 -2.5674108223695 0
-0.0405543151614817 -2.56865425583142 0
-0.00556812677053905 -2.56904564415065 0
0.0294199081106862 -2.56858493438663 0
0.0643981825644078 -2.56727198252919 0
0.0993550754460667 -2.56510655349036 0
0.134278939921835 -2.56208832117538 0
0.169158091944168 -2.55821686863437 0
0.2039807986383 -2.5534916882971 0
0.23873526657219 -2.5479121822943 0
0.273409629882017 -2.54147766286993 0
0.307991938224681 -2.53418735288985 0
0.34247014452814 -2.52604038645343 0
0.376832092509561 -2.51703580961598 0
0.41106550393036 -2.50717258123073 0
0.445157965556146 -2.49644957392098 0
0.47909691578838 -2.48486557519391 0
0.512869630933261 -2.47241928870952 0
0.546463211071864 -2.45910933571965 0
0.579864565493928 -2.44493425669397 0
0.61306039765593 -2.42989251315179 0
0.646037189622101 -2.41398248972082 0
0.678781185944942 -2.39720249644641 0
0.71127837693946 -2.37955077137756 0
0.743514481302829 -2.36102548345884 0
0.775474928028463 -2.34162473576086 0
0.807144837560543 -2.32134656908537 0
0.838509002131837 -2.30018896598527 0
0.869551865224259 -2.27814985524432 0
0.900257500087882 -2.25522711686624 0
0.930609587250204 -2.23141858762863 0
0.960591390943179 -2.20672206726334 0
0.990185734371009 -2.18113532533179 0
1.01937497373683 -2.15465610887175 0
1.04814097094128 -2.1272821509006 0
1.07646506486033 -2.09901117986988 0
1.10432804110421 -2.06984093017715 0
1.13171010015267 -2.03976915385299 0
1.15859082375581 -2.00879363355532 0
1.18494913948267 -1.97691219701812 0
1.21076328329255 -1.94412273311965 0
1.23601075999728 -1.91042320975442 0
1.26066830147435 -1.87581169371549 0
1.284711822484 -1.84028637281866 0
1.30811637393495 -1.80384558052781 0
1.33085609343658 -1.76648782337298 0
1.35290415296757 -1.72821181148804 0
1.37423270348458 -1.68901649263552 0
1.39481281628844 -1.64890109013201 0
1.41461442096064 -1.6078651451391 0
1.43360623967964 -1.56590856384356 0
1.45175571772569 -1.52303167011667 0
1.46902894998493 -1.47923526431768 0
1.48539060326955 -1.43452068899123 0
1.50080383428179 -1.38888990230485 0
1.5152302030675 -1.34234556018123 0
1.52862958183091 -1.29489110820297 0
1.54096005901922 -1.24653088450648 0
1.55217783863608 -1.19727023503841 0
1.56223713481055 -1.14711564272443 0
1.57109006173714 -1.096074872299 0
1.57868651921854 -1.04415713276712 0
1.58497407419196 -0.991373259717725 0
1.58989783881147 -0.937735919985526 0
1.59340034590156 -0.883259841463709 0
1.59542142290447 -0.827962071206742 0
1.59589806583017 -0.77186226532836 0
1.59476431520147 -0.71498301459362 0
1.59195113658987 -0.657350210020452 0
1.58738630908627 -0.59899345323722 0
1.58099432597636 -0.539946516774629 0
1.57269631302941 -0.480247859882254 0
1.5624099712045 -0.419941205821001 0
1.55004955227759 -0.359076186848901 0
1.53552587794946 -0.297709063226591 0
1.51874641546511 -0.235903522434872 0
1.4996154257154 -0.173731564303535 0
1.47803420325118 -0.111274476742871 0
1.45390143165268 -0.0486239050430136 0
1.42711368226442 0.0141169850007478 0
1.39756608937656 0.0768322538969056 0
1.36515324036971 0.139391854695304 0
1.3297703248738 0.201650236075925 0
1.29131459216531 0.263444910370696 0
1.24968717012282 0.324595028548914 0
1.20479530101376 0.38490002194118 0
1.15655504769984 0.444138392342433 0
1.10489451653374 0.502066758068249 0
1.04975762777653 0.558419292818816 0
0.991108437902052 0.612907725064468 0
0.928935977685196 0.665222094846141 0
0.863259513021616 0.715032487202646 0
0.794134061008128 0.76199196953446 0
0.721655903790369 0.80574094472811 0
0.645967743389612 0.84591308238112 0
0.567263044412444 0.882142897579052 0
0.485789036989815 0.914074905304303 0
0.401847823477268 0.941374092186879 0
0.315795074551617 0.963737232052104 0
0.228035932680159 0.980904358288873 0
0.139017968110173 0.992669537378721 0
0.0492213366358913 0.998890010896331 0
-0.0408533734811179 0.999492825451659 0
