-1 0 0
-0.997187787611143 -0.09 0
-0.988786514359089 -0.179495508549983 0
-0.974904611436293 -0.267995111808742 0
-0.955717099644874 -0.355034313363984 0
-0.931457542753185 -0.440186523020684 0
-0.90240794940312 -0.523071438757415 0
-0.868887548042924 -0.603360516970229 0
-0.831241338528275 -0.680779552384897 0
-0.789829192061732 -0.755108655264366 0
-0.745016072558628 -0.826180090031953 0
-0.697163733614256 -0.893874521126523 0
-0.646624043051342 -0.958116212544432 0
-0.593733924329521 -1.01886767072819 0
-0.53881178967272 -1.07612413153315 0
-0.482155271814324 -1.12990819242348 0
-0.424040031789807 -1.18026479603393 0
-0.364719418901881 -1.22725668961694 0
-0.304424775826517 -1.27096042031939 0
-0.243366208515044 -1.31146287878273 0
-0.181733670954929 -1.34885837127176 0
-0.119698244929394 -1.38324618056349 0
-0.0574135223019304 -1.41472856519058 0
0.00498297908110888 -1.44340914264906 0
0.0673684153355766 -1.46939160264021 0
0.12963326629753 -1.49277869961962 0
0.191680057058283 -1.51367147863543 0
0.253422164196753 -1.53216869379592 0
0.314782712995006 -1.54836638415287 0
0.375693567195609 -1.56235757697946 0
0.436094409605303 -1.57423209316946 0
0.495931909708811 -1.58407643370283 0
0.555158973140234 -1.59197372979161 0
0.613734067140617 -1.59800374245896 0
0.671620615834362 -1.6022428999576 0
0.728786459152612 -1.60476436365268 0
0.785203369420333 -1.60563811483557 0
0.840846619934237 -1.6049310564524 0
0.895694600239215 -1.60270712497404 0
0.949728473225428 -1.59902740864751 0
1.00293186959163 -1.59395026919093 0
1.05529061563592 -1.58753146465821 0
1.10679249073242 -1.57982427173435 0
1.15742701122484 -1.57087960615046 0
1.20718523781236 -1.56074614024948 0
1.25605960381838 -1.54947041700524 0
1.30404376201858 -1.53709696001195 0
1.35113244796268 -1.52366837913018 0
1.39732135795583 -1.50922547160678 0
1.44260704007189 -1.49380731858822 0
1.48698679675594 -1.47745137702484 0
1.53045859773655 -1.46019356702272 0
1.57302100211402 -1.44206835474321 0
1.61467308861991 -1.42310883098285 0
1.65541439315669 -1.40334678558782 0
1.6952448528278 -1.38281277787269 0
1.73416475575738 -1.36153620322195 0
1.77217469607776 -1.33954535605736 0
1.80927553353272 -1.31686748935528 0
1.84546835720601 -1.29352887089683 0
1.8807544529391 -1.2695548364297 0
1.91513527405047 -1.24496983991619 0
1.94861241501114 -1.21979750103545 0
1.9811875877692 -1.1940606501019 0
2.01286260044915 -1.16778137055424 0
2.04363933818182 -1.14098103916255 0
2.07351974584658 -1.11368036409356 0
2.10250581253119 -1.0858994209668 0
2.130599557535 -1.05765768702729 0
2.15780301775977 -1.02897407355347 0
2.18411823634872 -0.99986695661236 0
2.2095472524489 -0.970354206267477 0
2.23409209198501 -0.940453214339024 0
2.25775475934413 -0.910180920809891 0
2.28053722988158 -0.879553838965668 0
2.30244144316674 -0.84858807935157 0
2.32346929689631 -0.817299372624351 0
2.3436226414098 -0.785703091372685 0
2.36290327474829 -0.753814270975218 0
2.38131293820395 -0.721647629561493 0
2.39885331231258 -0.689217587137196 0
2.41552601324645 -0.656538283931741 0
2.43133258956912 -0.623623598022932 0
2.44627451931744 -0.590487162290493 0
2.4603532073796 -0.557142380747442 0
2.47356998314136 -0.523602444295763 0
2.4859260983751 -0.489880345950441 0
2.49742272534924 -0.455988895573761 0
2.50806095513768 -0.421940734159777 0
2.51784179611112 -0.387748347707032 0
2.52676617259409 -0.353424080715958 0
2.5348349236733 -0.318980149345852 0
2.54204880214439 -0.284428654264979 0
2.5484084735859 -0.249781593226128 0
2.55391451555053 -0.215050873398843 0
2.55856741686502 -0.180248323488597 0
2.56236757703128 -0.145385705672335 0
2.56531530572259 -0.11047472737908 0
2.5674108223695 -0.0755270529437096 0
2.56865425583142 -0.0405543151614814 0
2.56904564415065 -0.00556812677053869 0
2.56858493438663 0.0294199081106866 0
2.56727198252919 0.0643981825644081 0
2.56510655349036 0.0993550754460671 0
2.56208832117538 0.134278939921835 0
2.55821686863437 0.169158091944169 0
2.5534916882971 0.2039807986383 0
2.5479121822943 0.23873526657219 0
2.54147766286993 0.273409629882017 0
2.53418735288985 0.307991938224681 0
2.52604038645343 0.34247014452814 0
2.51703580961598 0.376832092509561 0
2.50717258123073 0.411065503930361 0
2.49644957392098 0.445157965556147 0
2.48486557519391 0.47909691578838 0
2.47241928870952 0.512869630933261 0
2.45910933571965 0.546463211071864 0
2.44493425669397 0.579864565493929 0
2.42989251315179 0.613060397655931 0
2.41398248972082 0.646037189622101 0
2.39720249644641 0.678781185944942 0
2.37955077137756 0.71127837693946 0
2.36102548345884 0.743514481302829 0
2.34162473576086 0.775474928028464 0
2.32134656908537 0.807144837560543 0
2.30018896598527 0.838509002131838 0
2.27814985524432 0.869551865224259 0
2.25522711686624 0.900257500087883 0
2.23141858762863 0.930609587250205 0
2.20672206726334 0.96059139094318 0
2.18113532533179 0.99018573437101 0
2.15465610887175 1.01937497373683 0
2.1272821509006 1.04814097094128 0
2.09901117986988 1.07646506486034 0
2.06984093017715 1.10432804110421 0
2.03976915385299 1.13171010015267 0
2.00879363355532 1.15859082375581 0
1.97691219701812 1.18494913948267 0
1.94412273311965 1.21076328329255 0
1.91042320975442 1.23601075999728 0
1.87581169371549 1.26066830147435 0
1.84028637281866 1.284711822484 0
1.80384558052781 1.30811637393495 0
1.76648782337298 1.33085609343658 0
1.72821181148804 1.35290415296757 0
1.68901649263552 1.37423270348458 0
1.64890109013201 1.39481281628844 0
1.6078651451391 1.41461442096064 0
1.56590856384356 1.43360623967964 0
1.52303167011667 1.45175571772569 0
1.47923526431768 1.46902894998493 0
1.43452068899123 1.48539060326955 0
1.38888990230485 1.50080383428179 0
1.34234556018123 1.5152302030675 0
1.29489110820297 1.52862958183091 0
1.24653088450648 1.54096005901922 0
1.19727023503841 1.55217783863608 0
1.14711564272443 1.56223713481055 0
1.096074872299 1.57109006173714 0
1.04415713276712 1.57868651921854 0
0.991373259717725 1.58497407419197 0
0.937735919985525 1.58989783881147 0
0.883259841463708 1.59340034590156 0
0.827962071206741 1.59542142290447 0
0.77186226532836 1.59589806583017 0
0.714983014593619 1.59476431520148 0
0.657350210020452 1.59195113658987 0
0.59899345323722 1.58738630908627 0
0.539946516774628 1.58099432597636 0
0.480247859882253 1.57269631302941 0
0.419941205821 1.5624099712045 0
0.3590761868489 1.55004955227759 0
0.29770906322659 1.53552587794946 0
0.235903522434871 1.51874641546511 0
0.173731564303534 1.4996154257154 0
0.11127447674287 1.47803420325118 0
0.0486239050430126 1.45390143165268 0
-0.0141169850007489 1.42711368226442 0
-0.0768322538969067 1.39756608937656 0
-0.139391854695305 1.36515324036972 0
-0.201650236075926 1.3297703248738 0
-0.263444910370697 1.29131459216531 0
-0.324595028548915 1.24968717012282 0
-0.384900021941181 1.20479530101376 0
-0.444138392342435 1.15655504769985 0
-0.502066758068251 1.10489451653374 0
-0.558419292818817 1.04975762777653 0
-0.61290772506447 0.991108437902054 0
-0.665222094846143 0.928935977685199 0
-0.715032487202647 0.863259513021619 0
-0.761991969534462 0.79413406100813 0
-0.805740944728112 0.721655903790372 0
-0.845913082381122 0.645967743389615 0
-0.882142897579054 0.567263044412447 0
-0.914074905304305 0.485789036989819 0
-0.941374092186881 0.401847823477271 0
-0.963737232052107 0.315795074551621 0
-0.980904358288875 0.228035932680163 0
-0.992669537378724 0.139017968110178 0
-0.998890010896335 0.049221336635896 0
-0.999492825451663 -0.0408533734811129 0
